date,open,high,low,close,volume,adjusted_close,currency
2021-12-14 00:00:00+05:30,300.0,307.5,282.7749938964844,291.7749938964844,27861900,279.3651123046875,INR
2021-12-15 00:00:00+05:30,292.5,299.3999938964844,289.0,292.4750061035156,2675624,280.03533935546875,INR
2021-12-16 00:00:00+05:30,293.0,297.25,283.04998779296875,285.45001220703125,1329736,273.3091125488281,INR
2021-12-17 00:00:00+05:30,285.3999938964844,289.4750061035156,282.4750061035156,284.375,1328426,272.2798767089844,INR
2021-12-20 00:00:00+05:30,277.5,280.32501220703125,271.29998779296875,275.7749938964844,1580508,264.0456237792969,INR
2021-12-21 00:00:00+05:30,276.0,289.20001220703125,276.0,287.32501220703125,1143572,275.1044006347656,INR
2021-12-22 00:00:00+05:30,285.0,294.4750061035156,285.0,290.25,605246,277.9049987792969,INR
2021-12-23 00:00:00+05:30,290.25,293.5,285.0249938964844,288.04998779296875,410630,275.7985534667969,INR
2021-12-24 00:00:00+05:30,287.04998779296875,288.6499938964844,282.79998779296875,285.70001220703125,296934,273.54852294921875,INR
2021-12-27 00:00:00+05:30,281.54998779296875,286.4750061035156,281.54998779296875,285.7250061035156,437722,273.5723876953125,INR
2021-12-28 00:00:00+05:30,286.0,289.0,283.5,286.0249938964844,471756,273.85968017578125,INR
2021-12-29 00:00:00+05:30,285.04998779296875,301.0249938964844,284.1000061035156,291.57501220703125,746858,279.173583984375,INR
2021-12-30 00:00:00+05:30,290.07501220703125,302.5,290.07501220703125,292.875,1274554,280.4183044433594,INR
2021-12-31 00:00:00+05:30,293.9750061035156,303.0,292.5,294.25,767782,281.73486328125,INR
2022-01-03 00:00:00+05:30,297.5,321.25,296.0249938964844,316.375,2246148,302.9188537597656,INR
2022-01-04 00:00:00+05:30,314.8500061035156,327.0,309.17498779296875,319.8999938964844,1887950,306.2939147949219,INR
2022-01-05 00:00:00+05:30,317.95001220703125,324.25,315.70001220703125,318.54998779296875,690644,305.0012512207031,INR
2022-01-06 00:00:00+05:30,317.45001220703125,321.0,312.0,317.3500061035156,601348,303.8523254394531,INR
2022-01-07 00:00:00+05:30,323.0,324.5,304.0,309.7250061035156,1898090,296.5516357421875,INR
2022-01-10 00:00:00+05:30,305.04998779296875,322.20001220703125,298.5249938964844,314.6499938964844,2371310,301.26715087890625,INR
2022-01-11 00:00:00+05:30,314.8500061035156,320.375,309.5,313.0,756918,299.68731689453125,INR
2022-01-12 00:00:00+05:30,315.3500061035156,317.45001220703125,305.04998779296875,309.2250061035156,323374,296.0728759765625,INR
2022-01-13 00:00:00+05:30,311.7250061035156,313.95001220703125,306.8999938964844,309.95001220703125,706424,296.7670593261719,INR
2022-01-14 00:00:00+05:30,311.95001220703125,314.5,308.2749938964844,311.4750061035156,332906,298.2271728515625,INR
2022-01-17 00:00:00+05:30,314.25,319.0249938964844,308.04998779296875,309.5,538240,296.3362121582031,INR
2022-01-18 00:00:00+05:30,313.0,315.0249938964844,305.0,306.75,309228,293.7032165527344,INR
2022-01-19 00:00:00+05:30,306.5,310.5,299.8500061035156,305.42498779296875,290090,294.83740234375,INR
2022-01-20 00:00:00+05:30,302.54998779296875,313.20001220703125,301.375,302.5249938964844,619948,292.0379943847656,INR
2022-01-21 00:00:00+05:30,298.0,310.45001220703125,297.9750061035156,301.54998779296875,425302,291.0968017578125,INR
2022-01-24 00:00:00+05:30,302.45001220703125,304.1499938964844,285.5,290.0249938964844,635224,279.97125244140625,INR
2022-01-25 00:00:00+05:30,290.0,300.3999938964844,287.125,296.2250061035156,300554,285.95635986328125,INR
2022-01-27 00:00:00+05:30,295.0,299.5,291.3999938964844,296.8500061035156,99246,286.5596618652344,INR
2022-01-28 00:00:00+05:30,298.45001220703125,305.4750061035156,295.0,297.1000061035156,197942,286.8010559082031,INR
2022-01-31 00:00:00+05:30,299.82501220703125,302.0,290.5,292.25,400862,282.11920166015625,INR
2022-02-01 00:00:00+05:30,294.5,299.0,290.0,294.54998779296875,280718,284.3394470214844,INR
2022-02-02 00:00:00+05:30,295.54998779296875,300.5,294.54998779296875,296.7250061035156,135506,286.43902587890625,INR
2022-02-03 00:00:00+05:30,294.625,297.9750061035156,293.17498779296875,293.5,81012,283.3258361816406,INR
2022-02-04 00:00:00+05:30,294.0,295.0249938964844,287.0,293.75,133472,283.567138671875,INR
2022-02-07 00:00:00+05:30,293.5,294.82501220703125,290.0,291.70001220703125,75282,281.5882873535156,INR
2022-02-08 00:00:00+05:30,291.5,295.0,285.07501220703125,291.57501220703125,205576,281.467529296875,INR
2022-02-09 00:00:00+05:30,293.0,295.5,285.0,290.92498779296875,268250,280.8401184082031,INR
2022-02-10 00:00:00+05:30,291.5,303.875,291.07501220703125,302.8500061035156,386812,292.3516845703125,INR
2022-02-11 00:00:00+05:30,306.4750061035156,306.8999938964844,275.0,295.8999938964844,372652,285.6426086425781,INR
2022-02-14 00:00:00+05:30,287.70001220703125,292.9750061035156,277.25,284.3500061035156,463182,274.4930114746094,INR
2022-02-15 00:00:00+05:30,283.0,296.20001220703125,278.625,293.07501220703125,589824,282.91558837890625,INR
2022-02-16 00:00:00+05:30,292.5,295.75,285.04998779296875,285.875,127772,275.9651184082031,INR
2022-02-17 00:00:00+05:30,286.5,289.0,281.0,286.42498779296875,268090,276.4960632324219,INR
2022-02-18 00:00:00+05:30,283.54998779296875,286.6499938964844,280.1000061035156,283.1000061035156,220862,273.2863464355469,INR
2022-02-21 00:00:00+05:30,279.8999938964844,284.07501220703125,278.0,281.6000061035156,162778,271.8383178710937,INR
2022-02-22 00:00:00+05:30,275.04998779296875,282.0,273.04998779296875,280.2250061035156,283830,270.5110168457031,INR
2022-02-23 00:00:00+05:30,278.54998779296875,286.20001220703125,278.20001220703125,280.45001220703125,42428,270.72821044921875,INR
2022-02-24 00:00:00+05:30,275.42498779296875,278.32501220703125,271.0249938964844,275.70001220703125,318228,266.1428527832031,INR
2022-02-25 00:00:00+05:30,277.5,282.45001220703125,277.5,279.8999938964844,256258,270.1972351074219,INR
2022-02-28 00:00:00+05:30,279.8999938964844,280.7250061035156,277.0249938964844,279.5,55580,269.8111267089844,INR
2022-03-02 00:00:00+05:30,277.04998779296875,282.5,276.04998779296875,277.8500061035156,79588,268.2183532714844,INR
2022-03-03 00:00:00+05:30,277.5,283.45001220703125,277.5,281.1499938964844,75794,271.4039306640625,INR
2022-03-04 00:00:00+05:30,277.0,282.32501220703125,277.0,278.45001220703125,60008,268.7975158691406,INR
2022-03-07 00:00:00+05:30,277.5,280.6000061035156,276.0,279.57501220703125,71920,269.883544921875,INR
2022-03-08 00:00:00+05:30,278.04998779296875,300.8999938964844,278.04998779296875,291.82501220703125,443976,281.7088928222656,INR
2022-03-09 00:00:00+05:30,295.25,295.25,286.20001220703125,292.25,217100,282.11920166015625,INR
2022-03-10 00:00:00+05:30,294.875,295.0,285.0,289.04998779296875,157414,279.0300598144531,INR
2022-03-11 00:00:00+05:30,290.0,292.0,285.375,286.42498779296875,275894,276.4960632324219,INR
2022-03-14 00:00:00+05:30,284.5,288.7250061035156,280.375,284.2250061035156,150620,274.3723449707031,INR
2022-03-15 00:00:00+05:30,285.0,286.70001220703125,281.5,282.125,40832,272.3450927734375,INR
2022-03-16 00:00:00+05:30,288.375,288.375,284.6000061035156,286.92498779296875,47898,276.9787292480469,INR
2022-03-17 00:00:00+05:30,289.875,290.25,283.75,285.0249938964844,87340,275.1446228027344,INR
2022-03-21 00:00:00+05:30,286.0,289.25,283.07501220703125,288.1000061035156,88092,278.113037109375,INR
2022-03-22 00:00:00+05:30,290.3500061035156,294.625,289.0,293.3500061035156,148862,283.1810302734375,INR
2022-03-23 00:00:00+05:30,295.0,298.0249938964844,291.0,294.17498779296875,154590,283.9773864746094,INR
2022-03-24 00:00:00+05:30,292.5,296.2250061035156,292.5,295.7749938964844,58474,285.5219421386719,INR
2022-03-25 00:00:00+05:30,296.5,298.8999938964844,295.5,297.0,92896,286.7044982910156,INR
2022-03-28 00:00:00+05:30,297.2250061035156,298.20001220703125,294.5249938964844,296.8999938964844,44552,286.6080017089844,INR
2022-03-29 00:00:00+05:30,297.5,299.5,294.2749938964844,297.57501220703125,319746,287.25958251953125,INR
2022-03-30 00:00:00+05:30,302.3999938964844,311.5,301.0,303.25,462828,292.7378234863281,INR
2022-03-31 00:00:00+05:30,305.0,306.20001220703125,301.5,303.1499938964844,127370,292.64129638671875,INR
2022-04-01 00:00:00+05:30,308.5,308.5,302.6000061035156,304.20001220703125,65534,293.6549072265625,INR
2022-04-04 00:00:00+05:30,305.0,309.125,303.0,307.25,179876,296.59918212890625,INR
2022-04-05 00:00:00+05:30,307.5,309.5,305.625,306.1499938964844,74200,295.5373229980469,INR
2022-04-06 00:00:00+05:30,306.0,318.0,305.5249938964844,310.625,164870,299.857177734375,INR
2022-04-07 00:00:00+05:30,310.0,312.5,303.0,304.8999938964844,207594,294.33062744140625,INR
2022-04-08 00:00:00+05:30,304.5,310.8999938964844,304.5,305.45001220703125,82510,294.8616027832031,INR
2022-04-11 00:00:00+05:30,305.5,306.3500061035156,303.125,305.0,71306,294.4271850585937,INR
2022-04-12 00:00:00+05:30,309.0,310.20001220703125,305.0,306.32501220703125,230386,295.70623779296875,INR
2022-04-13 00:00:00+05:30,327.5,360.6749877929688,327.5,333.07501220703125,6920842,321.5289611816406,INR
2022-04-18 00:00:00+05:30,331.0,353.5,325.5,349.6000061035156,2348282,337.48114013671875,INR
2022-04-19 00:00:00+05:30,353.5,354.20001220703125,327.0,330.3500061035156,628184,318.8984069824219,INR
2022-04-20 00:00:00+05:30,333.5,342.5,326.1000061035156,329.1499938964844,291438,317.739990234375,INR
2022-04-21 00:00:00+05:30,331.1000061035156,335.3500061035156,323.57501220703125,324.70001220703125,194268,313.4442749023437,INR
2022-04-22 00:00:00+05:30,322.5,334.0,322.0,326.54998779296875,267286,315.2301330566406,INR
2022-04-25 00:00:00+05:30,326.42498779296875,327.32501220703125,319.07501220703125,320.92498779296875,134450,309.8001403808594,INR
2022-04-26 00:00:00+05:30,324.5,328.8500061035156,317.54998779296875,320.32501220703125,273614,309.220947265625,INR
2022-04-27 00:00:00+05:30,319.92498779296875,337.5,312.25,334.32501220703125,357266,322.73565673828125,INR
2022-04-28 00:00:00+05:30,336.0,337.4750061035156,322.3500061035156,327.125,175984,315.78521728515625,INR
2022-04-29 00:00:00+05:30,325.25,333.0249938964844,321.32501220703125,324.29998779296875,136820,313.05810546875,INR
2022-05-02 00:00:00+05:30,325.0,331.0,318.07501220703125,323.70001220703125,527286,312.4789733886719,INR
2022-05-04 00:00:00+05:30,330.0,330.0,320.5249938964844,321.375,90122,310.2345275878906,INR
2022-05-05 00:00:00+05:30,321.0,329.1499938964844,315.5,318.54998779296875,97090,307.5074462890625,INR
2022-05-06 00:00:00+05:30,314.0,317.5,306.1000061035156,314.7749938964844,151916,303.8633117675781,INR
2022-05-09 00:00:00+05:30,310.54998779296875,317.9750061035156,308.5,312.79998779296875,154424,301.9567565917969,INR
2022-05-10 00:00:00+05:30,314.0,317.2749938964844,311.75,314.32501220703125,97804,303.4289245605469,INR
2022-05-11 00:00:00+05:30,311.54998779296875,315.0,304.75,310.04998779296875,113030,299.3020935058594,INR
2022-05-12 00:00:00+05:30,309.95001220703125,310.17498779296875,304.0,306.07501220703125,161602,295.46490478515625,INR
2022-05-13 00:00:00+05:30,312.375,312.375,305.0,306.2749938964844,51352,295.6579284667969,INR
2022-05-16 00:00:00+05:30,311.375,311.375,303.625,307.625,57354,296.961181640625,INR
2022-05-17 00:00:00+05:30,312.375,334.0,308.125,329.95001220703125,234286,318.5122985839844,INR
2022-05-18 00:00:00+05:30,333.0249938964844,334.7749938964844,317.625,319.1000061035156,95924,308.0383605957031,INR
2022-05-19 00:00:00+05:30,310.0,321.42498779296875,309.125,318.5,68590,307.4591979980469,INR
2022-05-20 00:00:00+05:30,322.2250061035156,333.95001220703125,315.0249938964844,328.375,155990,316.99188232421875,INR
2022-05-23 00:00:00+05:30,328.1499938964844,330.5,315.0,316.70001220703125,79694,305.7216186523437,INR
2022-05-24 00:00:00+05:30,318.5,319.4750061035156,312.0,313.2749938964844,31404,302.4153137207031,INR
2022-05-25 00:00:00+05:30,313.54998779296875,316.8999938964844,310.1499938964844,313.0249938964844,54442,302.1739807128906,INR
2022-05-26 00:00:00+05:30,315.8999938964844,318.54998779296875,309.625,313.17498779296875,125942,302.3187866210937,INR
2022-05-27 00:00:00+05:30,313.04998779296875,327.2749938964844,311.7250061035156,322.9750061035156,106984,311.779052734375,INR
2022-05-30 00:00:00+05:30,324.5,334.70001220703125,323.79998779296875,325.9750061035156,163032,314.6750793457031,INR
2022-05-31 00:00:00+05:30,324.0,334.8500061035156,324.0,330.6000061035156,66628,319.1397705078125,INR
2022-06-01 00:00:00+05:30,331.8500061035156,334.5,328.375,332.5249938964844,67112,320.998046875,INR
2022-06-02 00:00:00+05:30,333.0,344.82501220703125,330.45001220703125,338.1000061035156,657632,326.3797607421875,INR
2022-06-03 00:00:00+05:30,340.95001220703125,341.0,330.7749938964844,334.70001220703125,66500,323.09765625,INR
2022-06-06 00:00:00+05:30,334.70001220703125,334.95001220703125,325.2749938964844,328.7749938964844,42122,317.37799072265625,INR
2022-06-07 00:00:00+05:30,326.5,331.5249938964844,325.3500061035156,330.6000061035156,46414,319.1397705078125,INR
2022-06-08 00:00:00+05:30,333.0,333.0,327.5,329.57501220703125,25188,318.1503601074219,INR
2022-06-09 00:00:00+05:30,327.5,337.2250061035156,326.8500061035156,330.6499938964844,47208,319.18798828125,INR
2022-06-10 00:00:00+05:30,330.45001220703125,330.92498779296875,326.20001220703125,327.75,25198,316.3885803222656,INR
2022-06-13 00:00:00+05:30,325.0,326.32501220703125,316.5,317.1499938964844,52924,306.156005859375,INR
2022-06-14 00:00:00+05:30,315.5,321.5,314.5,316.42498779296875,37902,305.4561462402344,INR
2022-06-15 00:00:00+05:30,319.5,325.0,316.0,322.2250061035156,62152,311.0550537109375,INR
2022-06-16 00:00:00+05:30,329.9750061035156,329.9750061035156,312.375,312.95001220703125,52404,302.1015930175781,INR
2022-06-17 00:00:00+05:30,312.95001220703125,316.29998779296875,308.125,309.82501220703125,57910,299.0849609375,INR
2022-06-20 00:00:00+05:30,309.25,312.8999938964844,306.0,309.95001220703125,92592,299.2055969238281,INR
2022-06-21 00:00:00+05:30,309.5,325.5,309.42498779296875,323.75,168340,312.5271911621094,INR
2022-06-22 00:00:00+05:30,323.75,328.07501220703125,313.5,314.42498779296875,37126,303.52545166015625,INR
2022-06-23 00:00:00+05:30,318.92498779296875,320.25,314.0,319.82501220703125,21532,308.73828125,INR
2022-06-24 00:00:00+05:30,320.0,327.3999938964844,318.82501220703125,320.6000061035156,64810,309.4864196777344,INR
2022-06-27 00:00:00+05:30,320.75,329.0249938964844,319.75,325.1499938964844,116072,313.878662109375,INR
2022-06-28 00:00:00+05:30,321.8999938964844,325.375,320.6499938964844,322.29998779296875,12420,311.12744140625,INR
2022-06-29 00:00:00+05:30,320.0249938964844,324.9750061035156,320.0,322.5,21344,311.3205261230469,INR
2022-06-30 00:00:00+05:30,324.95001220703125,330.5,322.04998779296875,328.3500061035156,85230,316.9677734375,INR
2022-07-01 00:00:00+05:30,325.0,329.5,325.0,326.3500061035156,23558,315.0370788574219,INR
2022-07-04 00:00:00+05:30,329.125,339.5,325.04998779296875,336.7749938964844,78262,325.1007080078125,INR
2022-07-05 00:00:00+05:30,340.25,340.25,327.0,329.6000061035156,186388,318.1744079589844,INR
2022-07-06 00:00:00+05:30,326.04998779296875,332.20001220703125,326.04998779296875,327.5,28952,316.147216796875,INR
2022-07-07 00:00:00+05:30,328.5,332.0,327.04998779296875,327.75,42174,316.3885803222656,INR
2022-07-08 00:00:00+05:30,331.3999938964844,331.3999938964844,323.0,324.0249938964844,101432,312.7926330566406,INR
2022-07-11 00:00:00+05:30,326.95001220703125,333.0,322.0,323.3999938964844,257636,312.1893005371094,INR
2022-07-12 00:00:00+05:30,326.0,332.5,324.45001220703125,326.20001220703125,362404,314.89227294921875,INR
2022-07-13 00:00:00+05:30,337.20001220703125,341.9750061035156,325.0,325.25,834384,313.9752502441406,INR
2022-07-14 00:00:00+05:30,328.8500061035156,328.8500061035156,317.625,324.7250061035156,220820,313.4684143066406,INR
2022-07-15 00:00:00+05:30,326.5,327.82501220703125,318.25,319.1499938964844,66468,308.086669921875,INR
2022-07-18 00:00:00+05:30,320.0,323.20001220703125,317.5,317.8999938964844,59018,306.8800048828125,INR
2022-07-19 00:00:00+05:30,319.4750061035156,320.5,313.7749938964844,315.1000061035156,107402,304.1770324707031,INR
2022-07-20 00:00:00+05:30,317.5,318.0,313.625,314.7250061035156,193522,303.8150939941406,INR
2022-07-21 00:00:00+05:30,315.0,318.5,314.5,316.82501220703125,100648,305.8422546386719,INR
2022-07-22 00:00:00+05:30,318.2749938964844,320.0,313.54998779296875,317.625,166426,306.61456298828125,INR
2022-07-25 00:00:00+05:30,319.32501220703125,319.32501220703125,314.0,314.625,64948,303.7185363769531,INR
2022-07-26 00:00:00+05:30,316.5,319.7749938964844,314.42498779296875,317.3999938964844,74942,306.3973388671875,INR
2022-07-27 00:00:00+05:30,317.3999938964844,321.45001220703125,315.0,320.5249938964844,65992,309.4140014648437,INR
2022-07-28 00:00:00+05:30,322.0,324.4750061035156,319.75,320.32501220703125,103778,309.220947265625,INR
2022-07-29 00:00:00+05:30,324.0,324.92498779296875,317.5,320.5249938964844,70328,309.4140014648437,INR
2022-08-01 00:00:00+05:30,322.5,332.0,319.75,326.95001220703125,456430,315.61627197265625,INR
2022-08-02 00:00:00+05:30,326.95001220703125,334.45001220703125,326.57501220703125,328.875,94232,320.4145812988281,INR
2022-08-03 00:00:00+05:30,330.75,332.0,327.5,328.75,42312,320.2928161621094,INR
2022-08-04 00:00:00+05:30,332.375,334.25,326.75,331.875,226526,323.3374328613281,INR
2022-08-05 00:00:00+05:30,334.0,337.5,331.0,332.8500061035156,51164,324.287353515625,INR
2022-08-08 00:00:00+05:30,334.9750061035156,346.4750061035156,332.375,336.17498779296875,211202,327.5267333984375,INR
2022-08-10 00:00:00+05:30,337.45001220703125,341.95001220703125,336.0,339.2749938964844,70826,330.54705810546875,INR
2022-08-11 00:00:00+05:30,342.5,346.92498779296875,332.5,334.67498779296875,166734,326.0653686523437,INR
2022-08-12 00:00:00+05:30,336.5,337.9750061035156,334.25,335.82501220703125,38926,327.1858215332031,INR
2022-08-16 00:00:00+05:30,337.875,340.9750061035156,335.5,336.8999938964844,38080,328.2331237792969,INR
2022-08-17 00:00:00+05:30,338.4750061035156,339.0,334.25,335.04998779296875,34426,326.43072509765625,INR
2022-08-18 00:00:00+05:30,335.0,336.4750061035156,333.0,333.2749938964844,21808,324.70135498046875,INR
2022-08-19 00:00:00+05:30,334.70001220703125,335.8999938964844,329.5,330.0249938964844,33478,321.5350036621094,INR
2022-08-22 00:00:00+05:30,328.04998779296875,329.07501220703125,325.0,325.04998779296875,20554,316.6880187988281,INR
2022-08-23 00:00:00+05:30,324.75,326.57501220703125,320.0,321.70001220703125,96634,313.4241943359375,INR
2022-08-24 00:00:00+05:30,321.70001220703125,330.0,319.75,325.75,139758,317.3699951171875,INR
2022-08-25 00:00:00+05:30,327.4750061035156,328.375,324.125,324.45001220703125,60580,316.1034240722656,INR
2022-08-26 00:00:00+05:30,326.0,327.2250061035156,321.70001220703125,325.0,57772,316.6393127441406,INR
2022-08-29 00:00:00+05:30,324.5,327.20001220703125,323.375,325.375,23396,317.0046081542969,INR
2022-08-30 00:00:00+05:30,327.0,330.0,325.0,328.25,27550,319.8056640625,INR
2022-09-01 00:00:00+05:30,328.0,329.4750061035156,323.6499938964844,324.54998779296875,40086,316.2008361816406,INR
2022-09-02 00:00:00+05:30,325.0,326.95001220703125,322.5,324.8500061035156,37060,316.4931335449219,INR
2022-09-05 00:00:00+05:30,327.5,330.7749938964844,325.0,328.92498779296875,35568,320.4632568359375,INR
2022-09-06 00:00:00+05:30,329.5,332.42498779296875,326.95001220703125,327.45001220703125,27468,319.0262451171875,INR
2022-09-07 00:00:00+05:30,327.0,329.45001220703125,325.04998779296875,326.25,24514,317.85711669921875,INR
2022-09-08 00:00:00+05:30,326.2250061035156,329.70001220703125,326.2250061035156,328.07501220703125,28922,319.6351623535156,INR
2022-09-09 00:00:00+05:30,329.9750061035156,334.45001220703125,322.0,324.125,230134,315.78680419921875,INR
2022-09-12 00:00:00+05:30,327.32501220703125,330.70001220703125,325.4750061035156,329.3500061035156,37970,320.8773803710937,INR
2022-09-13 00:00:00+05:30,328.5,336.8999938964844,328.5,331.625,125740,323.0938415527344,INR
2022-09-14 00:00:00+05:30,331.0,332.8500061035156,330.57501220703125,331.67498779296875,55520,323.142578125,INR
2022-09-15 00:00:00+05:30,331.70001220703125,334.79998779296875,330.5,330.67498779296875,43180,322.16827392578125,INR
2022-09-16 00:00:00+05:30,331.9750061035156,333.75,329.04998779296875,332.29998779296875,70642,323.7514953613281,INR
2022-09-19 00:00:00+05:30,331.0,333.0,328.75,330.67498779296875,44326,322.16827392578125,INR
2022-09-20 00:00:00+05:30,331.0,337.5,329.0249938964844,329.75,97450,321.2670593261719,INR
2022-09-21 00:00:00+05:30,330.0,331.6000061035156,329.54998779296875,330.25,34930,321.754150390625,INR
2022-09-22 00:00:00+05:30,330.8999938964844,335.0,329.5,331.04998779296875,94956,322.5336303710937,INR
2022-09-23 00:00:00+05:30,331.04998779296875,333.125,327.375,330.95001220703125,465966,322.4361877441406,INR
2022-09-26 00:00:00+05:30,331.0,332.42498779296875,328.5,328.92498779296875,44010,320.4632568359375,INR
2022-09-27 00:00:00+05:30,330.5,332.42498779296875,329.8999938964844,330.8999938964844,37402,322.38751220703125,INR
2022-09-28 00:00:00+05:30,331.5,332.5,327.75,330.17498779296875,221998,321.6811218261719,INR
2022-09-29 00:00:00+05:30,331.95001220703125,336.0,329.25,330.04998779296875,95928,321.559326171875,INR
2022-09-30 00:00:00+05:30,330.0,334.45001220703125,327.4750061035156,328.0,411944,319.56207275390625,INR
2022-10-03 00:00:00+05:30,331.2749938964844,332.375,329.0,329.57501220703125,34856,321.0966186523437,INR
2022-10-04 00:00:00+05:30,330.0249938964844,333.0,330.0249938964844,332.3999938964844,64394,323.8489074707031,INR
2022-10-06 00:00:00+05:30,336.5,336.5,331.54998779296875,332.54998779296875,54672,323.9950256347656,INR
2022-10-07 00:00:00+05:30,333.5,334.8999938964844,330.45001220703125,332.32501220703125,62612,323.77587890625,INR
2022-10-10 00:00:00+05:30,332.25,332.25,327.0,330.375,263846,321.8760070800781,INR
2022-10-11 00:00:00+05:30,331.5,331.5,328.75,330.0,48092,321.5106201171875,INR
2022-10-12 00:00:00+05:30,331.20001220703125,331.6499938964844,329.7250061035156,331.0249938964844,46174,322.5092468261719,INR
2022-10-13 00:00:00+05:30,334.4750061035156,345.6499938964844,330.0249938964844,340.5249938964844,268192,331.7648620605469,INR
2022-10-14 00:00:00+05:30,355.5,366.0,336.3500061035156,347.32501220703125,2945302,338.3899841308594,INR
2022-10-17 00:00:00+05:30,351.3500061035156,356.20001220703125,346.0,351.875,246154,342.8228759765625,INR
2022-10-18 00:00:00+05:30,353.45001220703125,360.5,352.07501220703125,354.04998779296875,351258,344.94195556640625,INR
2022-10-19 00:00:00+05:30,356.4750061035156,356.4750061035156,349.0,352.32501220703125,176656,343.2613525390625,INR
2022-10-20 00:00:00+05:30,350.0,352.0,347.54998779296875,348.20001220703125,43462,341.6668395996094,INR
2022-10-21 00:00:00+05:30,350.0,351.6499938964844,348.2749938964844,349.5,68082,342.9424133300781,INR
2022-10-24 00:00:00+05:30,354.5,355.5,351.0,351.70001220703125,35754,345.1011657714844,INR
2022-10-25 00:00:00+05:30,352.0,354.1000061035156,349.25,350.0,45898,343.4330444335937,INR
2022-10-27 00:00:00+05:30,352.3500061035156,359.0,350.0,350.79998779296875,113858,344.218017578125,INR
2022-10-28 00:00:00+05:30,350.0249938964844,361.4750061035156,350.0,357.82501220703125,95424,351.1112060546875,INR
2022-10-31 00:00:00+05:30,369.0,369.7000122070313,358.57501220703125,361.3250122070313,150864,354.5455627441406,INR
2022-11-01 00:00:00+05:30,364.875,364.875,357.29998779296875,358.04998779296875,95802,351.3319396972656,INR
2022-11-02 00:00:00+05:30,358.04998779296875,361.0,351.2749938964844,352.4750061035156,58248,345.8616027832031,INR
2022-11-03 00:00:00+05:30,354.95001220703125,358.54998779296875,351.2749938964844,355.7250061035156,64946,349.0506286621094,INR
2022-11-04 00:00:00+05:30,358.8500061035156,358.8500061035156,353.0,356.125,74240,349.443115234375,INR
2022-11-07 00:00:00+05:30,360.375,360.375,349.75,351.3500061035156,266964,344.7576599121094,INR
2022-11-09 00:00:00+05:30,356.0,356.95001220703125,348.875,352.5,73764,345.8861389160156,INR
2022-11-10 00:00:00+05:30,350.04998779296875,353.875,350.04998779296875,352.7250061035156,24062,346.1069030761719,INR
2022-11-11 00:00:00+05:30,356.875,356.875,352.0249938964844,353.7250061035156,29752,347.0881652832031,INR
2022-11-14 00:00:00+05:30,354.5,355.79998779296875,350.1499938964844,351.9750061035156,64708,345.3709716796875,INR
2022-11-15 00:00:00+05:30,354.375,354.375,351.0,351.67498779296875,27546,345.0765380859375,INR
2022-11-16 00:00:00+05:30,353.4750061035156,353.4750061035156,349.0,349.29998779296875,29582,342.7461853027344,INR
2022-11-17 00:00:00+05:30,349.75,353.5,349.57501220703125,352.8500061035156,26876,346.22955322265625,INR
2022-11-18 00:00:00+05:30,354.375,354.375,350.0249938964844,351.29998779296875,41722,344.7086486816406,INR
2022-11-21 00:00:00+05:30,352.8500061035156,356.45001220703125,350.3999938964844,352.0249938964844,57570,345.4200439453125,INR
2022-11-22 00:00:00+05:30,351.0249938964844,355.0,351.0249938964844,353.32501220703125,35440,346.6956787109375,INR
2022-11-23 00:00:00+05:30,353.3500061035156,355.5,351.54998779296875,353.32501220703125,41750,346.6956787109375,INR
2022-11-24 00:00:00+05:30,353.3500061035156,359.2250061035156,351.82501220703125,353.82501220703125,51692,347.1863098144531,INR
2022-11-25 00:00:00+05:30,357.375,357.375,352.79998779296875,354.92498779296875,27966,348.2655944824219,INR
2022-11-28 00:00:00+05:30,357.25,357.25,351.82501220703125,354.1000061035156,44804,347.4560852050781,INR
2022-11-29 00:00:00+05:30,355.0,356.0,352.5,353.1499938964844,25164,346.52392578125,INR
2022-11-30 00:00:00+05:30,353.1499938964844,355.70001220703125,351.5,352.9750061035156,45768,346.35223388671875,INR
2022-12-01 00:00:00+05:30,353.04998779296875,355.5,353.0,353.5,33920,346.86737060546875,INR
2022-12-02 00:00:00+05:30,354.95001220703125,357.5,352.625,355.3999938964844,22210,348.731689453125,INR
2022-12-05 00:00:00+05:30,356.5,358.0,353.04998779296875,353.79998779296875,55742,347.1617126464844,INR
2022-12-06 00:00:00+05:30,355.3999938964844,355.3999938964844,353.04998779296875,354.20001220703125,30402,347.55426025390625,INR
2022-12-07 00:00:00+05:30,350.125,354.0,349.5,350.20001220703125,54372,343.6293029785156,INR
2022-12-08 00:00:00+05:30,350.5,352.375,344.70001220703125,347.29998779296875,88706,340.7836608886719,INR
2022-12-09 00:00:00+05:30,350.0,351.45001220703125,345.0,346.7749938964844,48596,340.2685241699219,INR
2022-12-12 00:00:00+05:30,346.7749938964844,347.5,341.7749938964844,346.375,31788,339.8760070800781,INR
2022-12-13 00:00:00+05:30,347.5,348.0,340.0,344.6499938964844,106054,338.1834411621094,INR
2022-12-14 00:00:00+05:30,347.875,348.17498779296875,341.8999938964844,344.79998779296875,86592,338.3305969238281,INR
2022-12-15 00:00:00+05:30,347.375,347.375,340.29998779296875,343.1000061035156,44522,336.6625061035156,INR
2022-12-16 00:00:00+05:30,343.1000061035156,344.3500061035156,330.0,340.2749938964844,83674,333.8905029296875,INR
2022-12-19 00:00:00+05:30,337.125,344.0,336.8999938964844,339.07501220703125,54298,332.7130432128906,INR
2022-12-20 00:00:00+05:30,339.07501220703125,346.20001220703125,337.25,339.82501220703125,320122,333.4489440917969,INR
2022-12-21 00:00:00+05:30,341.9750061035156,344.9750061035156,336.2749938964844,339.875,75780,333.4980163574219,INR
2022-12-22 00:00:00+05:30,338.75,341.7749938964844,328.25,334.82501220703125,95794,328.54278564453125,INR
2022-12-23 00:00:00+05:30,334.0,335.0,327.875,331.82501220703125,75594,325.5990905761719,INR
2022-12-26 00:00:00+05:30,330.125,344.9750061035156,329.375,342.95001220703125,85398,336.51531982421875,INR
2022-12-27 00:00:00+05:30,345.0,348.5,342.375,347.6499938964844,43246,341.12713623046875,INR
2022-12-28 00:00:00+05:30,346.0,348.7250061035156,345.0,345.92498779296875,17720,339.4344787597656,INR
2022-12-29 00:00:00+05:30,346.42498779296875,350.0,345.79998779296875,349.75,23222,343.187744140625,INR
2022-12-30 00:00:00+05:30,351.0,353.42498779296875,349.07501220703125,350.7749938964844,28786,344.1934509277344,INR
2023-01-02 00:00:00+05:30,353.375,353.375,350.42498779296875,351.625,18386,345.0275573730469,INR
2023-01-03 00:00:00+05:30,352.875,352.875,350.875,352.17498779296875,38522,345.5672302246094,INR
2023-01-04 00:00:00+05:30,352.17498779296875,359.0249938964844,352.17498779296875,358.0249938964844,706094,351.30743408203125,INR
2023-01-05 00:00:00+05:30,360.2999877929688,377.9750061035156,360.2999877929688,366.9500122070313,401930,360.06500244140625,INR
2023-01-06 00:00:00+05:30,369.5,373.0,367.5249938964844,370.8250122070313,163430,363.8673095703125,INR
2023-01-09 00:00:00+05:30,376.0,379.9750061035156,371.0499877929688,377.2000122070313,275518,370.1226806640625,INR
2023-01-10 00:00:00+05:30,376.0750122070313,384.0,371.5499877929688,373.0249938964844,134354,366.0260314941406,INR
2023-01-11 00:00:00+05:30,372.5,376.0,369.1000061035156,370.6000061035156,87626,363.64654541015625,INR
2023-01-12 00:00:00+05:30,376.3500061035156,380.0,373.0499877929688,377.2749938964844,207730,370.1962890625,INR
2023-01-13 00:00:00+05:30,377.5,390.0,368.0249938964844,386.375,734326,379.1255493164063,INR
2023-01-16 00:00:00+05:30,392.5,399.9500122070313,389.75,396.4249877929688,494802,388.9869689941406,INR
2023-01-17 00:00:00+05:30,398.8500061035156,422.3500061035156,394.3999938964844,405.5499877929688,576708,397.9407653808594,INR
2023-01-18 00:00:00+05:30,409.6000061035156,419.5,405.0,408.4750061035156,393724,400.8108825683594,INR
2023-01-19 00:00:00+05:30,407.5,424.5,407.2749938964844,422.1000061035156,592082,414.1802368164063,INR
2023-01-20 00:00:00+05:30,426.3999938964844,427.125,418.0,422.0249938964844,127344,414.1065979003906,INR
2023-01-23 00:00:00+05:30,421.5,421.5,413.875,415.875,90706,408.0720520019531,INR
2023-01-24 00:00:00+05:30,418.5,424.4249877929688,416.625,422.8250122070313,117202,414.89166259765625,INR
2023-01-25 00:00:00+05:30,424.7250061035156,426.3250122070313,417.75,419.3250122070313,243570,411.4573059082031,INR
2023-01-27 00:00:00+05:30,420.2749938964844,421.7749938964844,407.25,414.0249938964844,155820,406.2567443847656,INR
2023-01-30 00:00:00+05:30,416.8500061035156,418.0249938964844,410.2000122070313,416.0,219790,408.1947021484375,INR
2023-01-31 00:00:00+05:30,416.0,420.7250061035156,414.5,416.25,51042,408.4399719238281,INR
2023-02-01 00:00:00+05:30,418.5,431.25,394.375,399.25,672446,391.7589416503906,INR
2023-02-02 00:00:00+05:30,402.0,405.3500061035156,376.5,381.4500122070313,518456,374.29296875,INR
2023-02-03 00:00:00+05:30,377.625,384.7999877929688,376.2749938964844,381.5750122070313,439202,374.4155883789063,INR
2023-02-06 00:00:00+05:30,384.9750061035156,399.5,377.5,395.1749877929688,489106,387.7604064941406,INR
2023-02-07 00:00:00+05:30,399.5,403.0499877929688,392.7250061035156,396.2749938964844,79556,388.83978271484375,INR
2023-02-08 00:00:00+05:30,398.875,405.1749877929688,397.75,399.8999938964844,94490,392.396728515625,INR
2023-02-09 00:00:00+05:30,405.0,414.0,400.3999938964844,407.3999938964844,152740,399.7560729980469,INR
2023-02-10 00:00:00+05:30,408.25,409.5,401.0,403.0249938964844,73106,395.4631042480469,INR
2023-02-13 00:00:00+05:30,409.0,409.0,393.8500061035156,399.875,138040,392.3722534179688,INR
2023-02-14 00:00:00+05:30,399.5,401.7000122070313,391.5,396.8999938964844,89176,389.45306396484375,INR
2023-02-15 00:00:00+05:30,400.875,400.875,394.4750061035156,397.125,65058,389.6738586425781,INR
2023-02-16 00:00:00+05:30,398.5750122070313,399.0,388.5,389.7000122070313,160716,382.3881530761719,INR
2023-02-17 00:00:00+05:30,391.625,397.8999938964844,387.25,391.1499938964844,147224,383.8109130859375,INR
2023-02-20 00:00:00+05:30,392.375,397.3500061035156,386.25,392.2999877929688,80700,384.9393310546875,INR
2023-02-21 00:00:00+05:30,395.0,395.0,387.0499877929688,392.375,60134,385.012939453125,INR
2023-02-22 00:00:00+05:30,394.0,396.3999938964844,387.0,387.2749938964844,130176,380.0086059570313,INR
2023-02-23 00:00:00+05:30,393.0,393.0,379.5,386.0,51764,378.757568359375,INR
2023-02-24 00:00:00+05:30,389.5,389.5,380.7749938964844,384.0499877929688,44856,376.84417724609375,INR
2023-02-27 00:00:00+05:30,385.0,385.375,372.5,375.6000061035156,146214,368.552734375,INR
2023-02-28 00:00:00+05:30,375.6000061035156,377.9249877929688,367.7749938964844,376.0499877929688,90014,368.9942321777344,INR
2023-03-01 00:00:00+05:30,378.0,382.2999877929688,371.0,379.0,105742,371.888916015625,INR
2023-03-02 00:00:00+05:30,379.0,396.0499877929688,377.125,386.7999877929688,70314,379.5425720214844,INR
2023-03-03 00:00:00+05:30,392.0,395.5,387.5,392.0249938964844,94788,384.6695251464844,INR
2023-03-06 00:00:00+05:30,394.0,399.5,389.5,392.8500061035156,68366,385.4790649414063,INR
2023-03-08 00:00:00+05:30,392.0,402.5,391.8999938964844,398.5,92124,391.0230102539063,INR
2023-03-09 00:00:00+05:30,402.0,402.2250061035156,393.4500122070313,397.5249938964844,28366,390.06634521484375,INR
2023-03-10 00:00:00+05:30,397.3500061035156,404.6000061035156,393.5499877929688,400.7000122070313,61426,393.1817932128906,INR
2023-03-13 00:00:00+05:30,397.5,399.875,384.5,389.7999877929688,46274,382.48626708984375,INR
2023-03-14 00:00:00+05:30,389.5,399.5750122070313,389.5,394.5499877929688,64588,387.1471252441406,INR
2023-03-15 00:00:00+05:30,392.5499877929688,402.1749877929688,392.5499877929688,398.4750061035156,36976,390.9985046386719,INR
2023-03-16 00:00:00+05:30,394.5,407.5,394.5,397.8999938964844,87988,390.434326171875,INR
2023-03-17 00:00:00+05:30,401.7000122070313,412.5,397.5,406.3250122070313,113994,398.7012634277344,INR
2023-03-20 00:00:00+05:30,402.6000061035156,411.5,402.6000061035156,403.8999938964844,58920,396.3217468261719,INR
2023-03-21 00:00:00+05:30,407.0,409.3999938964844,395.8250122070313,399.2749938964844,54314,391.7834777832031,INR
2023-03-22 00:00:00+05:30,402.5,409.0,400.3500061035156,406.2749938964844,71232,398.6521301269531,INR
2023-03-23 00:00:00+05:30,400.625,412.8250122070313,399.0,400.7999877929688,85698,393.2798767089844,INR
2023-03-24 00:00:00+05:30,404.0,408.1499938964844,401.5499877929688,407.0249938964844,76842,399.3880920410156,INR
2023-03-27 00:00:00+05:30,409.8500061035156,409.875,401.0,405.7999877929688,82694,398.1860656738281,INR
2023-03-28 00:00:00+05:30,405.5,409.2000122070313,401.8250122070313,408.25,49578,400.5901184082031,INR
2023-03-29 00:00:00+05:30,404.0249938964844,409.0,402.7749938964844,408.1749877929688,112856,400.5165100097656,INR
2023-03-31 00:00:00+05:30,408.9500122070313,413.9500122070313,401.5,403.8500061035156,119326,396.2726440429688,INR
2023-04-03 00:00:00+05:30,407.0,410.9500122070313,403.0499877929688,405.1749877929688,112564,397.5728149414063,INR
2023-04-05 00:00:00+05:30,405.0,409.0,397.6000061035156,404.875,140036,397.2784118652344,INR
2023-04-06 00:00:00+05:30,403.4249877929688,407.1000061035156,403.0,405.3999938964844,139116,397.7935791015625,INR
2023-04-10 00:00:00+05:30,406.5,407.4249877929688,403.125,405.0,138540,397.4010620117188,INR
2023-04-11 00:00:00+05:30,405.2000122070313,407.5,403.75,406.6000061035156,199462,398.9710693359375,INR
2023-04-12 00:00:00+05:30,407.5,417.75,403.0,415.125,426312,407.3361511230469,INR
2023-04-13 00:00:00+05:30,419.4500122070313,442.2749938964844,417.6749877929688,425.9249877929688,1719908,417.9334716796875,INR
2023-04-17 00:00:00+05:30,425.9249877929688,429.5,420.2250061035156,427.125,195786,419.1109619140625,INR
2023-04-18 00:00:00+05:30,429.5,429.5,424.5,427.1749877929688,118274,419.1600036621094,INR
2023-04-19 00:00:00+05:30,427.0,435.5249938964844,424.5,429.7250061035156,252816,421.66217041015625,INR
2023-04-20 00:00:00+05:30,429.7250061035156,432.75,429.0750122070313,430.375,63812,422.2999877929688,INR
2023-04-21 00:00:00+05:30,430.25,432.375,428.0,429.1749877929688,45408,421.1224670410156,INR
2023-04-24 00:00:00+05:30,429.25,431.3250122070313,426.0249938964844,427.4500122070313,51268,419.4298706054688,INR
2023-04-25 00:00:00+05:30,429.8500061035156,430.0,424.5,427.0499877929688,79534,419.037353515625,INR
2023-04-26 00:00:00+05:30,429.375,429.5,426.0,427.625,30232,419.6015625,INR
2023-04-27 00:00:00+05:30,431.375,431.375,427.125,428.125,27486,420.09222412109375,INR
2023-04-28 00:00:00+05:30,427.5,438.9500122070313,425.3999938964844,431.7749938964844,154886,423.6737365722656,INR
2023-05-02 00:00:00+05:30,431.75,450.4750061035156,431.7250061035156,436.0,301792,427.81939697265625,INR
2023-05-03 00:00:00+05:30,437.8999938964844,442.1749877929688,435.9750061035156,438.9750061035156,85464,430.7386474609375,INR
2023-05-04 00:00:00+05:30,441.0,444.875,438.25,439.2749938964844,83710,431.0329895019531,INR
2023-05-05 00:00:00+05:30,439.7250061035156,443.0,436.75,438.2250061035156,61818,430.0026550292969,INR
2023-05-08 00:00:00+05:30,442.375,443.5,434.25,434.9750061035156,146218,426.8136596679688,INR
2023-05-09 00:00:00+05:30,439.0,439.5,434.25,435.3250122070313,68114,427.1571350097656,INR
2023-05-10 00:00:00+05:30,435.5499877929688,440.25,433.0,435.3500061035156,91164,427.1816711425781,INR
2023-05-11 00:00:00+05:30,433.125,444.0,433.125,440.7749938964844,130010,432.50482177734375,INR
2023-05-12 00:00:00+05:30,442.5,442.5,435.5,435.75,64782,427.5741271972656,INR
2023-05-15 00:00:00+05:30,435.75,438.0,419.875,421.4500122070313,176418,413.54241943359375,INR
2023-05-16 00:00:00+05:30,422.5,426.4249877929688,417.875,420.2999877929688,119678,412.4139709472656,INR
2023-05-17 00:00:00+05:30,420.0,426.1749877929688,420.0,425.4249877929688,37676,417.4428405761719,INR
2023-05-18 00:00:00+05:30,429.7000122070313,429.7000122070313,423.5750122070313,426.6499938964844,38266,418.6448669433594,INR
2023-05-19 00:00:00+05:30,430.0,431.5,423.625,431.2250061035156,37960,423.134033203125,INR
2023-05-22 00:00:00+05:30,431.5,432.75,427.5,432.1749877929688,27660,424.0661926269531,INR
2023-05-23 00:00:00+05:30,431.0249938964844,435.25,424.75,426.9249877929688,95572,418.9147033691406,INR
2023-05-24 00:00:00+05:30,428.625,429.9500122070313,421.6499938964844,425.0,79320,417.02587890625,INR
2023-05-25 00:00:00+05:30,426.6749877929688,426.7999877929688,422.5,424.9500122070313,30036,416.9767761230469,INR
2023-05-26 00:00:00+05:30,425.7999877929688,427.5,423.5,425.4500122070313,24120,417.4674072265625,INR
2023-05-29 00:00:00+05:30,423.5,431.0,422.5249938964844,429.7999877929688,32306,425.2339782714844,INR
2023-05-30 00:00:00+05:30,431.0,431.0,427.0249938964844,429.2000122070313,27584,424.640380859375,INR
2023-05-31 00:00:00+05:30,430.0,431.0,427.0,430.0750122070313,45384,425.5060729980469,INR
2023-06-01 00:00:00+05:30,430.0,430.0750122070313,424.25,425.7000122070313,43702,421.1775817871094,INR
2023-06-02 00:00:00+05:30,427.3500061035156,431.0,425.7000122070313,428.375,44020,423.8241271972656,INR
2023-06-05 00:00:00+05:30,429.5,429.5,424.0499877929688,425.1749877929688,39320,420.6580810546875,INR
2023-06-06 00:00:00+05:30,422.5499877929688,429.1499938964844,422.5499877929688,426.6000061035156,42438,422.0679931640625,INR
2023-06-07 00:00:00+05:30,428.25,432.5499877929688,426.75,430.1749877929688,132068,425.6050109863281,INR
2023-06-08 00:00:00+05:30,432.75,433.5,429.0249938964844,432.5249938964844,37828,427.9300231933594,INR
2023-06-09 00:00:00+05:30,434.2250061035156,436.4750061035156,429.5249938964844,435.5249938964844,66722,430.8981628417969,INR
2023-06-12 00:00:00+05:30,436.5,439.0,432.5,437.7999877929688,49706,433.1489562988281,INR
2023-06-13 00:00:00+05:30,439.5,444.25,434.25,440.6499938964844,66054,435.96868896484375,INR
2023-06-14 00:00:00+05:30,439.6499938964844,442.6499938964844,432.5,434.2000122070313,48942,429.5872802734375,INR
2023-06-15 00:00:00+05:30,434.0,435.5,431.75,433.125,20580,428.5236511230469,INR
2023-06-16 00:00:00+05:30,439.625,439.625,431.75,432.8999938964844,29878,428.3010559082031,INR
2023-06-19 00:00:00+05:30,440.0,440.5,429.25,430.1000061035156,73352,425.5307922363281,INR
2023-06-20 00:00:00+05:30,431.7999877929688,433.4500122070313,427.375,429.6749877929688,50870,425.11029052734375,INR
2023-06-21 00:00:00+05:30,431.375,433.0,427.5750122070313,430.8999938964844,37342,426.3222961425781,INR
2023-06-22 00:00:00+05:30,431.75,436.5,427.375,428.5750122070313,64218,424.0220031738281,INR
2023-06-23 00:00:00+05:30,428.5750122070313,432.2749938964844,427.375,430.5,33970,425.9265441894531,INR
2023-06-26 00:00:00+05:30,425.5499877929688,436.2250061035156,425.5499877929688,434.125,43024,429.5130615234375,INR
2023-06-27 00:00:00+05:30,437.3500061035156,437.3500061035156,427.5499877929688,433.4500122070313,57280,428.84521484375,INR
2023-06-28 00:00:00+05:30,433.4500122070313,435.0,430.5249938964844,434.25,23358,429.63671875,INR
2023-06-30 00:00:00+05:30,434.2250061035156,437.3999938964844,431.8250122070313,432.9750061035156,48884,428.375244140625,INR
2023-07-03 00:00:00+05:30,437.5,445.5,432.0,434.0499877929688,93938,429.4388122558594,INR
2023-07-04 00:00:00+05:30,435.2000122070313,437.4750061035156,433.5,435.25,25772,430.6260681152344,INR
2023-07-05 00:00:00+05:30,435.0,455.5,435.0,452.2250061035156,350218,447.4207458496094,INR
2023-07-06 00:00:00+05:30,452.25,457.9249877929688,448.0,449.125,103264,444.3536987304688,INR
2023-07-07 00:00:00+05:30,453.8500061035156,461.0,451.2250061035156,456.4500122070313,184340,451.6009216308594,INR
2023-07-10 00:00:00+05:30,458.75,468.5,457.5,465.5750122070313,232826,460.62896728515625,INR
2023-07-11 00:00:00+05:30,469.3999938964844,472.8250122070313,465.0249938964844,469.2000122070313,211846,464.2154541015625,INR
2023-07-12 00:00:00+05:30,474.3500061035156,474.3500061035156,462.8999938964844,466.5,181688,461.5440673828125,INR
2023-07-13 00:00:00+05:30,492.5,546.3250122070312,487.5,501.1749877929688,3911806,495.8506774902344,INR
2023-07-14 00:00:00+05:30,512.5,526.0,492.0249938964844,521.4000244140625,1034624,515.8609008789062,INR
2023-07-17 00:00:00+05:30,531.4000244140625,541.9749755859375,505.625,507.7000122070313,443634,502.3064270019531,INR
2023-07-18 00:00:00+05:30,514.9000244140625,514.9000244140625,500.7999877929688,510.125,159834,504.7056274414063,INR
2023-07-19 00:00:00+05:30,514.4500122070312,524.4500122070312,507.5750122070313,512.4500122070312,427038,507.0059814453125,INR
2023-07-20 00:00:00+05:30,514.5,520.0,510.625,518.2999877929688,97780,512.7937622070312,INR
2023-07-21 00:00:00+05:30,520.9000244140625,528.4500122070312,517.8250122070312,524.2000122070312,132128,518.631103515625,INR
2023-07-24 00:00:00+05:30,524.5,530.7750244140625,523.2750244140625,529.2999877929688,82938,523.6769409179688,INR
2023-07-25 00:00:00+05:30,532.4500122070312,537.5,528.375,533.7999877929688,163264,528.1290893554688,INR
2023-07-26 00:00:00+05:30,535.4749755859375,552.0,533.2000122070312,550.4000244140625,258542,544.5527954101562,INR
2023-07-27 00:00:00+05:30,552.5,562.5,549.0250244140625,560.8499755859375,186932,554.8917236328125,INR
2023-07-28 00:00:00+05:30,562.5,572.3499755859375,550.0,570.5750122070312,172140,564.5134887695312,INR
2023-07-31 00:00:00+05:30,571.0,589.9749755859375,561.1749877929688,581.7000122070312,355902,575.5203247070312,INR
2023-08-01 00:00:00+05:30,584.5,637.4249877929688,584.4749755859375,627.7750244140625,366400,621.1058349609375,INR
2023-08-02 00:00:00+05:30,625.0,633.5,606.2000122070312,617.5499877929688,227104,610.9894409179688,INR
2023-08-03 00:00:00+05:30,617.9500122070312,627.5,610.3250122070312,618.25,85620,611.681884765625,INR
2023-08-04 00:00:00+05:30,624.5,647.125,620.0250244140625,644.0999755859375,320332,637.25732421875,INR
2023-08-07 00:00:00+05:30,649.0,659.4000244140625,628.625,645.6500244140625,208518,638.7908935546875,INR
2023-08-08 00:00:00+05:30,649.6500244140625,654.125,644.7249755859375,649.7249755859375,107206,642.8225708007812,INR
2023-08-09 00:00:00+05:30,649.75,650.9749755859375,642.5,644.0999755859375,59022,637.25732421875,INR
2023-08-10 00:00:00+05:30,650.125,650.125,644.5250244140625,646.375,74450,639.5082397460938,INR
2023-08-11 00:00:00+05:30,650.0,746.5,645.0999755859375,713.1500244140625,1220820,705.5738525390625,INR
2023-08-14 00:00:00+05:30,713.0,723.9249877929688,693.3250122070312,709.0999755859375,228596,701.5667724609375,INR
2023-08-16 00:00:00+05:30,716.625,726.5,702.5250244140625,712.2000122070312,147682,704.6338500976562,INR
2023-08-17 00:00:00+05:30,717.0,718.375,700.0250244140625,703.0499877929688,159242,695.5811157226562,INR
2023-08-18 00:00:00+05:30,700.0,706.2000122070312,675.0,695.9749755859375,327094,688.581298828125,INR
2023-08-21 00:00:00+05:30,695.9749755859375,712.625,694.2750244140625,711.2249755859375,111790,703.669189453125,INR
2023-08-22 00:00:00+05:30,712.5,716.9249877929688,700.0,704.4500122070312,125354,696.9662475585938,INR
2023-08-23 00:00:00+05:30,709.5,712.5,700.0,704.2249755859375,90754,696.7435913085938,INR
2023-08-24 00:00:00+05:30,712.0,729.0,704.2750244140625,714.1500244140625,136068,706.563232421875,INR
2023-08-25 00:00:00+05:30,714.8499755859375,724.0250244140625,702.5,710.0,90494,702.4572143554688,INR
2023-08-28 00:00:00+05:30,716.0,716.0,703.0250244140625,705.25,103202,697.7576904296875,INR
2023-08-29 00:00:00+05:30,711.9749755859375,715.4500122070312,703.2999877929688,709.4500122070312,97300,701.9131469726562,INR
2023-08-30 00:00:00+05:30,716.5499877929688,766.0499877929688,708.0499877929688,715.9749755859375,353486,708.3687744140625,INR
2023-08-31 00:00:00+05:30,717.4249877929688,729.7999877929688,687.5,713.25,613128,705.6727294921875,INR
2023-09-01 00:00:00+05:30,702.6500244140625,720.4000244140625,696.0,699.4000244140625,156460,691.9698486328125,INR
2023-09-04 00:00:00+05:30,705.4749755859375,705.4749755859375,696.5,700.0999755859375,134648,692.6624145507812,INR
2023-09-05 00:00:00+05:30,704.9000244140625,715.0,685.0,696.9749755859375,169064,689.5706176757812,INR
2023-09-06 00:00:00+05:30,696.5,696.5,685.0,689.9749755859375,720050,682.6449584960938,INR
2023-09-07 00:00:00+05:30,689.9749755859375,699.2999877929688,687.5250244140625,691.5499877929688,133304,684.2032470703125,INR
2023-09-08 00:00:00+05:30,691.5,719.0,689.0,691.3250122070312,338416,683.9806518554688,INR
2023-09-11 00:00:00+05:30,697.5,697.5,676.8250122070312,685.4500122070312,141434,678.1680908203125,INR
2023-09-12 00:00:00+05:30,685.4500122070312,693.0750122070312,675.5,683.8499755859375,159348,676.5850219726562,INR
2023-09-13 00:00:00+05:30,682.5,693.5,676.5,690.7000122070312,105636,683.3623657226562,INR
2023-09-14 00:00:00+05:30,690.9749755859375,708.7750244140625,690.9749755859375,702.2999877929688,96844,694.8390502929688,INR
2023-09-15 00:00:00+05:30,705.0,714.3499755859375,702.0,705.7999877929688,77590,698.3018188476562,INR
2023-09-18 00:00:00+05:30,707.5,746.9749755859375,705.875,734.7000122070312,264756,726.8948364257812,INR
2023-09-20 00:00:00+05:30,732.125,780.5,732.125,762.375,437756,754.2758178710938,INR
2023-09-21 00:00:00+05:30,759.0,802.1500244140625,757.5750122070312,793.4500122070312,316284,785.020751953125,INR
2023-09-22 00:00:00+05:30,790.0,790.0,771.4249877929688,779.9500122070312,185582,771.6641235351562,INR
2023-09-25 00:00:00+05:30,790.9749755859375,822.0,781.0250244140625,812.7249755859375,224946,804.0908813476562,INR
2023-09-26 00:00:00+05:30,813.4000244140625,856.9249877929688,808.6500244140625,848.6500244140625,332754,839.63427734375,INR
2023-09-27 00:00:00+05:30,850.0,854.4749755859375,825.5499877929688,843.9500122070312,171868,834.9842529296875,INR
2023-09-28 00:00:00+05:30,850.0,864.9749755859375,832.9749755859375,845.4749755859375,174248,836.4930419921875,INR
2023-09-29 00:00:00+05:30,854.9749755859375,857.4749755859375,835.4500122070312,840.4000244140625,126276,831.471923828125,INR
2023-10-03 00:00:00+05:30,844.6500244140625,880.0,826.0,867.9749755859375,255026,858.75390625,INR
2023-10-04 00:00:00+05:30,868.9749755859375,899.9249877929688,856.0499877929688,888.9500122070312,420352,879.506103515625,INR
2023-10-05 00:00:00+05:30,891.9000244140625,892.8250122070312,881.0499877929688,887.5250244140625,175190,878.0963134765625,INR
2023-10-06 00:00:00+05:30,903.5,917.4500122070312,885.5,909.8250122070312,220828,900.1593627929688,INR
2023-10-09 00:00:00+05:30,909.0,986.0,882.1749877929688,945.0499877929688,846110,935.0101928710938,INR
2023-10-10 00:00:00+05:30,955.0,968.1749877929688,933.0250244140624,949.625,289356,939.5365600585938,INR
2023-10-11 00:00:00+05:30,942.5250244140624,959.3499755859376,936.75,954.5250244140624,162384,944.3845825195312,INR
2023-10-12 00:00:00+05:30,961.9500122070312,962.875,922.7249755859376,957.6500244140624,256800,947.476318359375,INR
2023-10-13 00:00:00+05:30,945.0,965.0,901.5250244140624,942.0499877929688,576722,932.0420532226562,INR
2023-10-16 00:00:00+05:30,942.5,949.9500122070312,900.6500244140625,907.7999877929688,153496,898.1558837890625,INR
2023-10-17 00:00:00+05:30,927.5,931.0250244140624,885.0750122070312,892.75,159148,883.2658081054688,INR
2023-10-18 00:00:00+05:30,908.9749755859376,955.0,892.4749755859375,942.0,232944,931.9926147460938,INR
2023-10-19 00:00:00+05:30,959.9749755859376,963.5,923.5,946.1500244140624,142374,936.0985107421876,INR
2023-10-20 00:00:00+05:30,935.0499877929688,954.5,930.0,945.4000244140624,89174,937.8345336914062,INR
2023-10-23 00:00:00+05:30,944.3250122070312,950.0,922.4000244140624,936.9749755859376,134874,929.4768676757812,INR
2023-10-25 00:00:00+05:30,936.9749755859376,960.2999877929688,907.0,915.2999877929688,88788,907.975341796875,INR
2023-10-26 00:00:00+05:30,910.0,927.4749755859376,869.9500122070312,910.9500122070312,134004,903.66015625,INR
2023-10-27 00:00:00+05:30,919.5,940.0,915.0999755859376,926.2249755859376,70274,918.8129272460938,INR
2023-10-30 00:00:00+05:30,970.0,973.0750122070312,935.5250244140624,950.25,89312,942.6456298828124,INR
2023-10-31 00:00:00+05:30,950.25,962.375,947.0250244140624,954.5499877929688,78984,946.9112548828124,INR
2023-11-01 00:00:00+05:30,954.5499877929688,1038.5250244140625,954.5499877929688,1012.1749877929688,430786,1004.0751342773438,INR
2023-11-02 00:00:00+05:30,1050.0,1050.0,988.5,994.8499755859376,149450,986.8887329101562,INR
2023-11-03 00:00:00+05:30,1014.375,1024.0,982.5999755859376,1012.2999877929688,128044,1004.1990966796876,INR
2023-11-06 00:00:00+05:30,1024.875,1050.0,1015.5750122070312,1024.199951171875,113630,1016.0038452148438,INR
2023-11-07 00:00:00+05:30,1039.5,1039.5,1015.5,1024.050048828125,52786,1015.8551025390624,INR
2023-11-08 00:00:00+05:30,1022.5250244140624,1030.0250244140625,1002.5,1007.0750122070312,46796,999.0159301757812,INR
2023-11-09 00:00:00+05:30,1008.4749755859376,1024.125,991.7000122070312,1005.0250244140624,56784,996.9823608398438,INR
2023-11-10 00:00:00+05:30,1000.0,1050.0,1000.0,1034.574951171875,99820,1026.2958984375,INR
2023-11-13 00:00:00+05:30,1055.925048828125,1055.925048828125,1038.2750244140625,1044.125,64804,1035.7694091796875,INR
2023-11-15 00:00:00+05:30,1053.0250244140625,1072.5,1053.0,1066.2750244140625,47032,1057.7423095703125,INR
2023-11-16 00:00:00+05:30,1066.2750244140625,1074.824951171875,1050.0,1053.800048828125,58926,1045.3670654296875,INR
2023-11-17 00:00:00+05:30,1053.800048828125,1092.75,1045.699951171875,1087.4749755859375,94662,1078.7725830078125,INR
2023-11-20 00:00:00+05:30,1102.375,1196.2249755859375,1098.0,1173.1500244140625,307948,1163.761962890625,INR
2023-11-21 00:00:00+05:30,1188.0,1188.375,1100.5999755859375,1143.0250244140625,202306,1133.8780517578125,INR
2023-11-22 00:00:00+05:30,1149.5,1232.0,1110.5250244140625,1215.5,246644,1205.7730712890625,INR
2023-11-23 00:00:00+05:30,1229.0,1270.0,1205.4000244140625,1253.699951171875,174140,1243.667236328125,INR
2023-11-24 00:00:00+05:30,1245.0,1274.5,1236.050048828125,1257.375,128576,1247.3128662109375,INR
2023-11-28 00:00:00+05:30,1257.824951171875,1273.949951171875,1257.375,1265.7249755859375,107574,1255.595947265625,INR
2023-11-29 00:00:00+05:30,1266.0,1272.5,1230.050048828125,1242.800048828125,83156,1232.8544921875,INR
2023-11-30 00:00:00+05:30,1247.5,1322.3499755859375,1241.5999755859375,1297.75,323012,1287.3648681640625,INR
2023-12-01 00:00:00+05:30,1350.0,1350.0,1262.5999755859375,1298.5,120996,1288.10888671875,INR
2023-12-04 00:00:00+05:30,1342.375,1356.0,1308.0,1333.800048828125,103846,1323.1263427734375,INR
2023-12-05 00:00:00+05:30,1346.4749755859375,1346.4749755859375,1302.550048828125,1313.125,96794,1302.61669921875,INR
2023-12-06 00:00:00+05:30,1315.0,1324.175048828125,1280.0,1298.925048828125,87580,1288.5303955078125,INR
2023-12-07 00:00:00+05:30,1309.949951171875,1309.9749755859375,1282.5,1290.699951171875,53376,1280.3712158203125,INR
2023-12-08 00:00:00+05:30,1290.699951171875,1290.699951171875,1235.0250244140625,1247.699951171875,97426,1237.7152099609375,INR
2023-12-11 00:00:00+05:30,1275.0,1282.699951171875,1221.7750244140625,1247.9749755859375,120218,1237.988037109375,INR
2023-12-12 00:00:00+05:30,1247.9749755859375,1264.9749755859375,1237.5,1250.25,52838,1240.244873046875,INR
2023-12-13 00:00:00+05:30,1250.0,1288.625,1240.5,1256.675048828125,94478,1246.61865234375,INR
2023-12-14 00:00:00+05:30,1297.0,1349.9749755859375,1265.9749755859375,1295.9749755859375,172668,1285.60400390625,INR
2023-12-15 00:00:00+05:30,1300.0,1324.0,1255.550048828125,1278.5999755859375,79264,1268.3680419921875,INR
2023-12-18 00:00:00+05:30,1294.9749755859375,1299.5,1228.6500244140625,1270.4000244140625,127642,1260.233642578125,INR
2023-12-19 00:00:00+05:30,1272.5,1284.4749755859375,1250.0,1271.9749755859375,85316,1261.796142578125,INR
2023-12-20 00:00:00+05:30,1274.199951171875,1289.925048828125,1232.0,1236.6500244140625,134352,1226.753662109375,INR
2023-12-21 00:00:00+05:30,1225.0,1275.5,1195.0,1274.074951171875,114568,1263.879150390625,INR
2023-12-22 00:00:00+05:30,1275.0,1298.75,1274.074951171875,1290.425048828125,125436,1280.098388671875,INR
2023-12-26 00:00:00+05:30,1290.425048828125,1297.4000244140625,1283.824951171875,1293.925048828125,40132,1283.5704345703125,INR
2023-12-27 00:00:00+05:30,1304.0,1305.0,1275.0250244140625,1285.5,195046,1275.212890625,INR
2023-12-28 00:00:00+05:30,1296.2249755859375,1334.925048828125,1250.125,1256.675048828125,407790,1246.61865234375,INR
2023-12-29 00:00:00+05:30,1265.324951171875,1300.449951171875,1262.4749755859375,1296.8499755859375,212992,1286.4720458984375,INR
2024-01-01 00:00:00+05:30,1307.0,1319.0250244140625,1273.0,1283.699951171875,131032,1273.42724609375,INR
2024-01-02 00:00:00+05:30,1287.5,1315.5,1255.0250244140625,1289.300048828125,130004,1278.9825439453125,INR
2024-01-03 00:00:00+05:30,1285.0,1312.5,1281.75,1299.25,86768,1288.852783203125,INR
2024-01-04 00:00:00+05:30,1292.5250244140625,1398.949951171875,1292.5250244140625,1333.699951171875,381556,1323.027099609375,INR
2024-01-05 00:00:00+05:30,1338.2249755859375,1383.4000244140625,1338.2249755859375,1350.375,171800,1339.5687255859375,INR
2024-01-08 00:00:00+05:30,1359.5,1398.9749755859375,1355.050048828125,1379.824951171875,197192,1368.782958984375,INR
2024-01-09 00:00:00+05:30,1389.5,1413.425048828125,1382.800048828125,1391.2750244140625,148938,1380.1414794921875,INR
2024-01-10 00:00:00+05:30,1399.5,1399.5,1382.75,1390.5999755859375,138240,1379.4718017578125,INR
2024-01-11 00:00:00+05:30,1405.0,1416.3499755859375,1390.0,1401.300048828125,160452,1390.0863037109375,INR
2024-01-12 00:00:00+05:30,1409.8499755859375,1423.5250244140625,1400.0,1407.574951171875,223962,1396.3109130859375,INR
2024-01-15 00:00:00+05:30,1407.574951171875,1407.574951171875,1407.574951171875,1407.574951171875,0,1396.3109130859375,INR
2024-01-16 00:00:00+05:30,1344.699951171875,1360.074951171875,1286.324951171875,1321.4000244140625,196406,1310.8255615234375,INR
2024-01-17 00:00:00+05:30,1299.75,1365.5,1299.75,1352.375,397072,1341.552734375,INR
2024-01-18 00:00:00+05:30,1352.375,1374.3499755859375,1319.625,1358.449951171875,86534,1347.5789794921875,INR
2024-01-19 00:00:00+05:30,1358.4749755859375,1400.0,1358.4749755859375,1389.2249755859375,99146,1378.107666015625,INR
2024-01-23 00:00:00+05:30,1365.0,1422.5,1351.425048828125,1401.175048828125,188706,1389.962158203125,INR
2024-01-24 00:00:00+05:30,1404.949951171875,1500.0,1401.175048828125,1475.0250244140625,237040,1463.22119140625,INR
2024-01-25 00:00:00+05:30,1489.75,1535.0,1487.9749755859375,1521.0999755859375,215960,1508.927490234375,INR
2024-01-29 00:00:00+05:30,1550.0,1550.0,1470.7750244140625,1514.8499755859375,168720,1502.7274169921875,INR
2024-01-30 00:00:00+05:30,1500.0,1534.5,1487.5999755859375,1510.4000244140625,78528,1498.3131103515625,INR
2024-01-31 00:00:00+05:30,1510.425048828125,1534.375,1504.5250244140625,1529.125,114548,1516.8883056640625,INR
2024-02-01 00:00:00+05:30,1544.0,1625.0,1535.0,1606.925048828125,220708,1594.0655517578125,INR
2024-02-02 00:00:00+05:30,1637.0,1665.0,1615.0,1642.8499755859375,130296,1629.703125,INR
2024-02-05 00:00:00+05:30,1656.5,1748.0,1595.050048828125,1734.949951171875,180660,1721.0660400390625,INR
2024-02-06 00:00:00+05:30,1760.0,1774.0,1658.5,1698.9749755859375,154892,1685.3790283203125,INR
2024-02-07 00:00:00+05:30,1700.0250244140625,1749.8499755859375,1700.0250244140625,1726.300048828125,87212,1712.4853515625,INR
2024-02-08 00:00:00+05:30,1750.0,1762.4749755859375,1691.125,1699.25,103566,1685.65185546875,INR
2024-02-09 00:00:00+05:30,1708.5,1708.5,1652.0,1708.1500244140625,185152,1694.4805908203125,INR
2024-02-12 00:00:00+05:30,1708.1500244140625,1708.1500244140625,1621.199951171875,1634.25,362774,1621.1719970703125,INR
2024-02-13 00:00:00+05:30,1634.25,1700.0,1625.0,1683.75,96880,1670.27587890625,INR
2024-02-14 00:00:00+05:30,1708.5,1737.1500244140625,1687.449951171875,1728.4749755859375,67326,1714.6429443359375,INR
2024-02-15 00:00:00+05:30,1750.0,1799.4749755859375,1745.574951171875,1789.074951171875,107142,1774.7579345703125,INR
2024-02-16 00:00:00+05:30,1803.425048828125,1829.949951171875,1768.050048828125,1823.074951171875,139316,1808.48583984375,INR
2024-02-19 00:00:00+05:30,1854.5,1870.0,1823.5250244140625,1842.75,105490,1828.00341796875,INR
2024-02-20 00:00:00+05:30,1872.5,1872.5,1825.7750244140625,1843.699951171875,58062,1828.94580078125,INR
2024-02-21 00:00:00+05:30,1844.0,1857.5,1816.0999755859373,1826.175048828125,237140,1811.5611572265625,INR
2024-02-22 00:00:00+05:30,1849.0,1849.0,1818.074951171875,1830.4749755859373,57244,1815.8267822265625,INR
2024-02-23 00:00:00+05:30,1838.4749755859373,1857.5,1826.0,1844.75,65140,1829.9874267578125,INR
2024-02-26 00:00:00+05:30,1859.5250244140625,1869.9749755859373,1830.0,1844.675048828125,64568,1829.9130859375,INR
2024-02-27 00:00:00+05:30,1850.0,1853.375,1827.6500244140625,1838.949951171875,50584,1824.2337646484373,INR
2024-02-28 00:00:00+05:30,1845.0,1863.199951171875,1816.425048828125,1833.0250244140625,58424,1818.3563232421875,INR
2024-02-29 00:00:00+05:30,1839.9749755859373,1850.0,1802.5,1828.4000244140625,222844,1813.768310546875,INR
2024-03-01 00:00:00+05:30,1849.5,1865.5,1841.0,1854.949951171875,86788,1840.1058349609373,INR
2024-03-04 00:00:00+05:30,1972.449951171875,2025.0,1930.0,1975.324951171875,123124,1959.5174560546875,INR
2024-03-05 00:00:00+05:30,1962.7750244140625,1982.4749755859373,1907.800048828125,1976.4000244140625,237772,1960.583984375,INR
2024-03-06 00:00:00+05:30,1985.3499755859373,1991.5,1912.5,1934.0250244140625,108234,1918.548095703125,INR
2024-03-07 00:00:00+05:30,1947.949951171875,2002.4749755859373,1932.800048828125,1974.25,160356,1958.451171875,INR
2024-03-11 00:00:00+05:30,1992.0999755859373,1992.0999755859373,1914.300048828125,1961.4749755859373,180466,1945.7783203125,INR
2024-03-12 00:00:00+05:30,1961.4749755859373,2001.5250244140625,1940.050048828125,1961.074951171875,169746,1945.381591796875,INR
2024-03-13 00:00:00+05:30,1942.25,1955.0,1825.0,1911.425048828125,341438,1896.1290283203125,INR
2024-03-14 00:00:00+05:30,1868.425048828125,1937.949951171875,1850.0,1886.050048828125,165308,1870.95703125,INR
2024-03-15 00:00:00+05:30,1854.5,1879.5,1745.1500244140625,1788.125,1427212,1773.815673828125,INR
2024-03-18 00:00:00+05:30,1788.550048828125,1872.3499755859373,1788.550048828125,1806.949951171875,94812,1792.489990234375,INR
2024-03-19 00:00:00+05:30,1806.9749755859373,1842.4749755859373,1798.5,1821.6500244140625,269826,1807.0723876953125,INR
2024-03-20 00:00:00+05:30,1821.6500244140625,1836.25,1787.5,1801.425048828125,51072,1787.00927734375,INR
2024-03-21 00:00:00+05:30,1808.5,1855.925048828125,1779.375,1815.5250244140625,78052,1800.996337890625,INR
2024-03-22 00:00:00+05:30,1830.0,1834.625,1751.25,1817.800048828125,90976,1803.253173828125,INR
2024-03-26 00:00:00+05:30,1832.449951171875,1832.8499755859373,1781.0,1791.5250244140625,38950,1777.1883544921875,INR
2024-03-27 00:00:00+05:30,1799.9749755859375,1831.0,1720.0,1797.0,174928,1782.61962890625,INR
2024-03-28 00:00:00+05:30,1815.5,1860.0,1805.0250244140625,1847.175048828125,70970,1832.39306640625,INR
2024-04-01 00:00:00+05:30,1874.5,1887.5,1784.199951171875,1810.25,122068,1795.763427734375,INR
2024-04-02 00:00:00+05:30,1819.9749755859373,1847.5,1712.0,1724.425048828125,404286,1710.6253662109375,INR
2024-04-03 00:00:00+05:30,1724.5,1764.949951171875,1720.2249755859375,1753.824951171875,175180,1739.7900390625,INR
2024-04-04 00:00:00+05:30,1767.5,1778.5,1749.5,1765.5999755859375,79270,1751.4708251953125,INR
2024-04-05 00:00:00+05:30,1765.5250244140625,1821.9749755859373,1745.0,1815.425048828125,145452,1800.8970947265625,INR
2024-04-08 00:00:00+05:30,1844.824951171875,1927.9749755859373,1844.800048828125,1868.675048828125,213370,1853.720947265625,INR
2024-04-09 00:00:00+05:30,1989.0,2049.5,1933.050048828125,2036.050048828125,433232,2019.756591796875,INR
2024-04-10 00:00:00+05:30,2050.0,2062.5,1945.0,1953.574951171875,239520,1937.9415283203125,INR
2024-04-12 00:00:00+05:30,1958.8499755859373,2037.5,1920.4749755859373,2004.5250244140625,282424,1988.48388671875,INR
2024-04-15 00:00:00+05:30,1939.9749755859373,2105.5,1927.9749755859373,2093.14990234375,741408,2076.399658203125,INR
2024-04-16 00:00:00+05:30,2090.0,2105.0,2025.550048828125,2043.675048828125,180598,2027.3206787109373,INR
2024-04-18 00:00:00+05:30,2064.0,2075.0,2026.0,2069.050048828125,109056,2052.49267578125,INR
2024-04-19 00:00:00+05:30,2020.0250244140625,2124.0,2020.0250244140625,2085.60009765625,248938,2068.91015625,INR
2024-04-22 00:00:00+05:30,2102.39990234375,2112.5,2001.699951171875,2010.5999755859373,139666,1994.51025390625,INR
2024-04-23 00:00:00+05:30,2033.699951171875,2033.699951171875,1975.5,1977.625,125420,1961.7991943359373,INR
2024-04-24 00:00:00+05:30,1999.5999755859373,2024.324951171875,1963.2750244140625,1967.9749755859373,61048,1952.226318359375,INR
2024-04-25 00:00:00+05:30,1967.9749755859373,1983.1500244140625,1960.5250244140625,1974.8499755859373,45526,1959.04638671875,INR
2024-04-26 00:00:00+05:30,1974.5,2022.5,1965.5250244140625,1979.5,70108,1963.6590576171875,INR
2024-04-29 00:00:00+05:30,1999.449951171875,1999.75,1958.5,1970.4749755859373,46656,1954.706298828125,INR
2024-04-30 00:00:00+05:30,1986.7750244140625,2008.5,1982.25,1999.125,50200,1983.1270751953125,INR
2024-05-02 00:00:00+05:30,2014.449951171875,2016.5,1993.5,1997.375,40364,1981.39111328125,INR
2024-05-03 00:00:00+05:30,2013.875,2014.4000244140625,1970.0,1998.699951171875,31186,1982.705322265625,INR
2024-05-06 00:00:00+05:30,2012.5,2044.0,1981.5,2024.949951171875,53762,2008.745361328125,INR
2024-05-07 00:00:00+05:30,2031.375,2037.0,1986.375,2001.0,57808,1984.987060546875,INR
2024-05-08 00:00:00+05:30,2001.0,2002.0,1986.9749755859373,1997.75,27298,1981.7630615234373,INR
2024-05-09 00:00:00+05:30,1998.574951171875,2016.5999755859373,1945.1500244140625,1948.824951171875,47264,1933.2296142578125,INR
2024-05-10 00:00:00+05:30,1950.0,1990.0,1946.175048828125,1977.449951171875,53096,1961.62548828125,INR
2024-05-13 00:00:00+05:30,1998.625,1999.4749755859373,1925.0,1975.574951171875,34730,1959.7655029296875,INR
2024-05-14 00:00:00+05:30,1975.574951171875,1979.5250244140625,1952.1500244140625,1973.949951171875,30792,1958.1534423828125,INR
2024-05-15 00:00:00+05:30,1972.5,1984.75,1955.449951171875,1971.2249755859373,38558,1955.4503173828125,INR
2024-05-16 00:00:00+05:30,1997.2249755859373,2005.574951171875,1962.5250244140625,1975.7249755859373,35450,1959.914306640625,INR
2024-05-17 00:00:00+05:30,1972.9749755859373,2000.0,1970.0,1975.925048828125,38264,1960.11279296875,INR
2024-05-21 00:00:00+05:30,1972.7750244140625,1984.5,1944.9749755859373,1973.800048828125,61338,1958.0047607421875,INR
2024-05-22 00:00:00+05:30,1976.25,2034.949951171875,1970.0,2021.175048828125,99946,2005.0006103515625,INR
2024-05-23 00:00:00+05:30,2035.0,2068.0,2029.5250244140625,2034.7750244140625,58276,2018.4918212890625,INR
2024-05-24 00:00:00+05:30,2034.925048828125,2040.5,2020.0,2034.75,48036,2018.4669189453125,INR
2024-05-27 00:00:00+05:30,2045.0250244140625,2050.0,2023.5250244140625,2038.050048828125,62050,2021.7406005859373,INR
2024-05-28 00:00:00+05:30,2030.0250244140625,2075.0,2030.0250244140625,2061.199951171875,76680,2044.7054443359373,INR
2024-05-29 00:00:00+05:30,2061.199951171875,2100.0,2050.0,2083.425048828125,68064,2066.75244140625,INR
2024-05-30 00:00:00+05:30,2083.425048828125,2112.5,2052.550048828125,2073.050048828125,466970,2056.46044921875,INR
2024-05-31 00:00:00+05:30,2075.0,2149.97509765625,2017.550048828125,2097.699951171875,173580,2080.9130859375,INR
2024-06-03 00:00:00+05:30,2145.0,2149.97509765625,2036.175048828125,2046.425048828125,79456,2034.4129638671875,INR
2024-06-04 00:00:00+05:30,2023.5,2064.02490234375,1770.6500244140625,1917.0,206040,1905.74755859375,INR
2024-06-05 00:00:00+05:30,1917.0,2005.0,1880.0250244140625,1996.699951171875,70544,1984.9796142578125,INR
2024-06-06 00:00:00+05:30,1990.0,2067.574951171875,1979.324951171875,1998.2249755859373,51180,1986.4957275390625,INR
2024-06-07 00:00:00+05:30,2014.425048828125,2022.324951171875,1941.75,1953.375,59860,1941.9090576171875,INR
2024-06-10 00:00:00+05:30,1964.9749755859373,1967.4749755859373,1905.0,1928.4000244140625,80630,1917.0806884765625,INR
2024-06-11 00:00:00+05:30,1928.3499755859373,1957.4749755859373,1905.0,1948.449951171875,36610,1937.012939453125,INR
2024-06-12 00:00:00+05:30,1964.1500244140625,1988.4749755859373,1955.0,1962.449951171875,106118,1950.9307861328125,INR
2024-06-13 00:00:00+05:30,1975.0,1990.0,1965.0,1970.550048828125,26572,1958.9832763671875,INR
2024-06-14 00:00:00+05:30,1971.949951171875,2000.0,1971.949951171875,1997.824951171875,36342,1986.0980224609373,INR
2024-06-18 00:00:00+05:30,2014.800048828125,2022.050048828125,1987.75,2007.449951171875,37858,1995.6666259765625,INR
2024-06-19 00:00:00+05:30,2045.0,2045.0,1995.0,1997.699951171875,41686,1985.9737548828125,INR
2024-06-20 00:00:00+05:30,2002.0,2019.4749755859373,1990.050048828125,2002.324951171875,25044,1990.5716552734373,INR
2024-06-21 00:00:00+05:30,1987.5,2006.925048828125,1953.5,1968.324951171875,57604,1956.7713623046875,INR
2024-06-24 00:00:00+05:30,1939.4000244140625,1967.5,1920.0250244140625,1944.7249755859373,36248,1933.309814453125,INR
2024-06-25 00:00:00+05:30,1949.4749755859373,1969.449951171875,1932.5,1940.324951171875,34588,1928.9356689453125,INR
2024-06-26 00:00:00+05:30,1939.5,1949.625,1915.0,1918.2750244140625,38048,1907.0150146484373,INR
2024-06-27 00:00:00+05:30,1924.949951171875,1955.25,1919.5,1932.9000244140625,61642,1921.5543212890625,INR
2024-06-28 00:00:00+05:30,1945.449951171875,2016.1500244140625,1936.2750244140625,1953.925048828125,202024,1942.455810546875,INR
2024-07-01 00:00:00+05:30,1958.800048828125,1979.5250244140625,1931.5999755859373,1960.3499755859373,47766,1948.843017578125,INR
2024-07-02 00:00:00+05:30,1930.0,1960.0,1927.5,1942.875,45606,1931.470703125,INR
2024-07-03 00:00:00+05:30,1950.0,1952.4749755859373,1930.050048828125,1940.699951171875,44716,1929.308349609375,INR
2024-07-04 00:00:00+05:30,1941.5,1951.25,1930.25,1949.7750244140625,37818,1938.3302001953125,INR
2024-07-05 00:00:00+05:30,1944.2750244140625,2010.0,1933.3499755859373,2005.125,76256,1993.355224609375,INR
2024-07-08 00:00:00+05:30,2012.5,2060.0,1985.074951171875,2047.199951171875,129578,2035.1832275390625,INR
2024-07-09 00:00:00+05:30,2054.0,2096.949951171875,2040.0,2060.10009765625,117026,2048.007568359375,INR
2024-07-10 00:00:00+05:30,2087.5,2087.5,1998.0999755859373,2060.175048828125,83596,2048.082275390625,INR
2024-07-11 00:00:00+05:30,2069.5,2089.02490234375,2058.375,2070.64990234375,77768,2058.49560546875,INR
2024-07-12 00:00:00+05:30,2105.0,2147.10009765625,1925.574951171875,1997.75,458664,1986.0235595703125,INR
2024-07-15 00:00:00+05:30,2000.550048828125,2014.074951171875,1945.0,1953.074951171875,88454,1941.6107177734373,INR
2024-07-16 00:00:00+05:30,1957.5250244140625,1966.0250244140625,1938.0250244140625,1953.0250244140625,47508,1941.5611572265625,INR
2024-07-18 00:00:00+05:30,1953.199951171875,2018.449951171875,1912.5,1932.324951171875,84518,1920.9825439453125,INR
2024-07-19 00:00:00+05:30,1910.0,1927.5,1888.574951171875,1906.9000244140625,98448,1895.7069091796875,INR
2024-07-22 00:00:00+05:30,1710.1500244140625,1969.5,1710.1500244140625,1905.2249755859373,224596,1894.0416259765625,INR
2024-07-23 00:00:00+05:30,1914.125,1923.699951171875,1873.9749755859373,1888.074951171875,113798,1876.9923095703125,INR
2024-07-24 00:00:00+05:30,1888.0999755859373,1928.1500244140625,1880.0,1898.199951171875,74406,1887.057861328125,INR
2024-07-25 00:00:00+05:30,1881.0,1885.4000244140625,1850.0,1854.050048828125,66204,1843.1671142578125,INR
2024-07-26 00:00:00+05:30,1864.4000244140625,1870.925048828125,1822.5,1846.5,53350,1835.661376953125,INR
2024-07-29 00:00:00+05:30,1847.0,1901.8499755859373,1839.050048828125,1850.449951171875,55042,1839.588134765625,INR
2024-07-30 00:00:00+05:30,1850.5,1887.5,1850.5,1881.699951171875,43494,1870.65478515625,INR
2024-07-31 00:00:00+05:30,1893.7249755859373,1900.0,1882.5250244140625,1889.175048828125,51642,1878.0859375,INR
2024-08-01 00:00:00+05:30,1864.0,1886.4749755859373,1850.0,1861.125,50136,1850.2005615234373,INR
2024-08-02 00:00:00+05:30,1835.0,1873.0,1830.0,1856.125,40788,1845.22998046875,INR
2024-08-05 00:00:00+05:30,1850.0,1853.574951171875,1782.2249755859375,1795.3499755859375,88860,1784.8116455078125,INR
2024-08-06 00:00:00+05:30,1795.3499755859375,1870.5,1781.5,1787.25,55196,1776.7591552734375,INR
2024-08-07 00:00:00+05:30,1809.5,1809.5,1785.5,1793.7249755859375,49680,1783.196044921875,INR
2024-08-08 00:00:00+05:30,1800.0,1805.0,1787.5250244140625,1792.2750244140625,44388,1781.7547607421875,INR
2024-08-09 00:00:00+05:30,1800.0,1842.5,1799.9749755859375,1812.1500244140625,47006,1801.512939453125,INR
2024-08-12 00:00:00+05:30,1800.0,1867.9749755859373,1800.0,1827.0999755859373,46102,1816.375244140625,INR
2024-08-13 00:00:00+05:30,1827.0999755859373,1844.625,1771.5,1781.425048828125,61668,1770.968505859375,INR
2024-08-14 00:00:00+05:30,1799.5,1825.0,1785.675048828125,1799.375,35888,1788.81298828125,INR
2024-08-16 00:00:00+05:30,1818.0,1818.0,1790.074951171875,1801.050048828125,28628,1790.478271484375,INR
2024-08-19 00:00:00+05:30,1806.550048828125,1816.0,1794.0,1798.9000244140625,27634,1788.3408203125,INR
2024-08-20 00:00:00+05:30,1805.0250244140625,1818.0,1790.175048828125,1795.625,45330,1785.0850830078125,INR
2024-08-21 00:00:00+05:30,1810.0,1949.0,1800.0,1876.300048828125,197512,1865.2864990234373,INR
2024-08-22 00:00:00+05:30,1898.0,1899.5,1861.0250244140625,1879.050048828125,36140,1868.0203857421875,INR
2024-08-23 00:00:00+05:30,1890.2249755859373,1893.9000244140625,1790.0,1802.675048828125,253302,1792.0936279296875,INR
2024-08-26 00:00:00+05:30,1802.699951171875,1849.0,1733.175048828125,1832.625,245714,1821.867919921875,INR
2024-08-27 00:00:00+05:30,1833.9000244140625,1884.5,1833.9000244140625,1867.824951171875,119712,1856.8612060546875,INR
2024-08-28 00:00:00+05:30,1867.4000244140625,1903.2750244140625,1856.675048828125,1864.5,66810,1853.5556640625,INR
2024-08-29 00:00:00+05:30,1850.0,1889.4749755859373,1850.0,1866.824951171875,52310,1855.8670654296875,INR
2024-08-30 00:00:00+05:30,1852.5250244140625,1912.25,1852.5250244140625,1906.9000244140625,140662,1895.7069091796875,INR
2024-09-02 00:00:00+05:30,1907.5,1954.550048828125,1907.5,1936.125,80878,1924.76025390625,INR
2024-09-03 00:00:00+05:30,1877.0999755859373,1993.5,1877.0999755859373,1946.6500244140625,105252,1935.2235107421875,INR
2024-09-04 00:00:00+05:30,1919.199951171875,1955.425048828125,1915.1500244140625,1920.625,38428,1909.3511962890625,INR
2024-09-05 00:00:00+05:30,1921.0,1968.2750244140625,1921.0,1964.5250244140625,59480,1952.99365234375,INR
2024-09-06 00:00:00+05:30,1965.0,2024.7750244140625,1935.0,1959.699951171875,77980,1948.19677734375,INR
2024-09-09 00:00:00+05:30,1956.0,1959.675048828125,1895.4000244140625,1917.300048828125,304494,1906.0458984375,INR
2024-09-10 00:00:00+05:30,1924.4000244140625,1950.0,1919.925048828125,1944.2750244140625,35570,1932.8624267578125,INR
2024-09-11 00:00:00+05:30,1950.0,1975.0,1940.8499755859373,1958.800048828125,59108,1947.30224609375,INR
2024-09-12 00:00:00+05:30,1970.0,1975.0,1938.425048828125,1950.050048828125,48442,1938.603515625,INR
2024-09-13 00:00:00+05:30,1955.0,1972.0,1942.3499755859373,1959.5,31984,1947.998046875,INR
2024-09-16 00:00:00+05:30,1957.5,2001.0,1916.0,1977.625,39964,1966.0167236328125,INR
2024-09-17 00:00:00+05:30,1994.050048828125,2000.0,1966.3499755859373,1974.699951171875,88346,1963.1087646484373,INR
2024-09-18 00:00:00+05:30,1951.0,1974.699951171875,1904.8499755859373,1952.375,22170,1940.9149169921875,INR
2024-09-19 00:00:00+05:30,1955.0,1959.5,1892.0,1916.675048828125,26816,1905.424560546875,INR
2024-09-20 00:00:00+05:30,1916.675048828125,1980.2750244140625,1890.0,1949.75,73402,1938.305419921875,INR
2024-09-23 00:00:00+05:30,1952.0999755859373,1962.9749755859373,1922.0250244140625,1941.4000244140625,27494,1930.00439453125,INR
2024-09-24 00:00:00+05:30,1941.4000244140625,1968.0,1892.5,1957.8499755859373,117560,1946.3577880859373,INR
2024-09-25 00:00:00+05:30,1938.2249755859373,1975.0,1938.2249755859373,1950.050048828125,78374,1938.603515625,INR
2024-09-26 00:00:00+05:30,1989.050048828125,1989.050048828125,1931.0250244140625,1964.4000244140625,79020,1952.8692626953125,INR
2024-09-27 00:00:00+05:30,1964.4000244140625,1975.0,1925.3499755859373,1937.5,49866,1926.127197265625,INR
2024-09-30 00:00:00+05:30,1890.0250244140625,1999.0,1878.0,1962.675048828125,241190,1951.154541015625,INR
2024-10-01 00:00:00+05:30,1962.675048828125,1963.550048828125,1931.9000244140625,1941.7249755859373,76480,1930.327392578125,INR
2024-10-03 00:00:00+05:30,1920.0,1968.7750244140625,1904.4749755859373,1955.875,85446,1944.3944091796875,INR
2024-10-04 00:00:00+05:30,1936.324951171875,1986.5250244140625,1903.0,1955.2249755859373,114584,1943.7481689453125,INR
2024-10-07 00:00:00+05:30,1955.2249755859373,1995.0,1910.0250244140625,1942.699951171875,76788,1931.296630859375,INR
2024-10-08 00:00:00+05:30,1925.0,1983.5,1925.0,1981.8499755859373,47726,1970.2169189453125,INR
2024-10-09 00:00:00+05:30,1997.0,2084.0,1980.0,2063.449951171875,223494,2051.337890625,INR
2024-10-10 00:00:00+05:30,2086.0,2100.0,2010.0,2027.2750244140625,151816,2015.375244140625,INR
2024-10-11 00:00:00+05:30,2112.5,2142.27490234375,2002.7750244140625,2020.925048828125,836180,2009.0626220703125,INR
2024-10-14 00:00:00+05:30,2025.9749755859373,2079.5,2007.5,2020.6500244140625,105582,2008.7891845703125,INR
2024-10-15 00:00:00+05:30,2040.0,2075.97509765625,2021.300048828125,2067.699951171875,216946,2055.56298828125,INR
2024-10-16 00:00:00+05:30,2067.5,2107.5,2031.0,2065.47509765625,217928,2053.351318359375,INR
2024-10-17 00:00:00+05:30,2072.77490234375,2075.22509765625,2022.8499755859373,2039.050048828125,92468,2027.0811767578125,INR
2024-10-18 00:00:00+05:30,2012.5,2187.324951171875,2003.050048828125,2143.14990234375,822646,2134.2333984375,INR
2024-10-21 00:00:00+05:30,2162.5,2191.0,2065.0,2072.199951171875,244978,2063.57861328125,INR
2024-10-22 00:00:00+05:30,2091.35009765625,2108.72509765625,2003.074951171875,2016.925048828125,203276,2008.53369140625,INR
2024-10-23 00:00:00+05:30,2002.5,2045.8499755859373,1970.0250244140625,2023.375,106978,2014.956787109375,INR
2024-10-24 00:00:00+05:30,2042.574951171875,2073.574951171875,1991.0,2045.425048828125,126188,2036.9151611328125,INR
2024-10-25 00:00:00+05:30,2051.47509765625,2051.47509765625,1965.0,1998.125,98246,1989.8118896484373,INR
2024-10-28 00:00:00+05:30,1998.5,2000.25,1950.5,1963.875,97078,1955.704345703125,INR
2024-10-29 00:00:00+05:30,1983.4000244140625,1983.4000244140625,1950.0,1955.7750244140625,80492,1947.6380615234373,INR
2024-10-30 00:00:00+05:30,1970.824951171875,2031.949951171875,1927.5,1949.3499755859373,100334,1941.23974609375,INR
2024-10-31 00:00:00+05:30,1950.0,2072.14990234375,1950.0,2062.97509765625,254052,2054.39208984375,INR
2024-11-01 00:00:00+05:30,2083.60009765625,2094.949951171875,2070.0,2077.050048828125,17790,2068.408447265625,INR
2024-11-04 00:00:00+05:30,2053.5,2069.949951171875,1989.0,2013.0,70064,2004.625,INR
2024-11-05 00:00:00+05:30,1992.5,2040.0,1992.5,2022.4749755859373,58128,2014.060546875,INR
2024-11-06 00:00:00+05:30,2030.425048828125,2037.074951171875,1990.0,1995.199951171875,73156,1986.8990478515625,INR
2024-11-07 00:00:00+05:30,1995.875,2005.800048828125,1968.5250244140625,1979.75,77198,1971.5133056640625,INR
2024-11-08 00:00:00+05:30,1980.0,1989.0999755859373,1950.824951171875,1956.1500244140625,45918,1948.011474609375,INR
2024-11-11 00:00:00+05:30,1956.1500244140625,2012.875,1936.2249755859373,1972.074951171875,95190,1963.8702392578125,INR
2024-11-12 00:00:00+05:30,1994.2249755859373,1999.25,1946.199951171875,1951.949951171875,50840,1943.8289794921875,INR
2024-11-13 00:00:00+05:30,1944.0250244140625,1947.699951171875,1881.375,1910.800048828125,125522,1902.8502197265625,INR
2024-11-14 00:00:00+05:30,1887.5,1959.949951171875,1887.5,1942.0250244140625,74892,1933.9453125,INR
2024-11-18 00:00:00+05:30,1942.5,2009.949951171875,1925.0,1992.574951171875,66904,1984.284912109375,INR
2024-11-19 00:00:00+05:30,1992.574951171875,2035.0,1971.2750244140625,2015.300048828125,63212,2006.9154052734373,INR
2024-11-21 00:00:00+05:30,2011.199951171875,2040.0,1985.25,2004.324951171875,95476,1995.986083984375,INR
2024-11-22 00:00:00+05:30,2005.0,2022.9749755859373,1977.5,1989.074951171875,84600,1980.7994384765625,INR
2024-11-25 00:00:00+05:30,2000.0250244140625,2081.324951171875,1980.449951171875,2062.60009765625,153150,2054.018798828125,INR
2024-11-26 00:00:00+05:30,2056.0,2087.5,2026.824951171875,2056.02490234375,68556,2047.4708251953125,INR
2024-11-27 00:00:00+05:30,2057.449951171875,2072.5,2028.074951171875,2035.8499755859373,30258,2027.3798828125,INR
2024-11-28 00:00:00+05:30,2050.0,2069.77490234375,2020.0,2054.60009765625,28316,2046.052001953125,INR
2024-11-29 00:00:00+05:30,2054.5,2100.0,2035.0,2078.02490234375,65944,2069.37939453125,INR
2024-12-02 00:00:00+05:30,2077.97509765625,2140.925048828125,2065.02490234375,2084.574951171875,102216,2075.902099609375,INR
2024-12-03 00:00:00+05:30,2094.925048828125,2132.47509765625,2076.125,2106.675048828125,61222,2097.910400390625,INR
2024-12-04 00:00:00+05:30,2097.25,2150.5,2077.52490234375,2092.074951171875,68258,2083.370849609375,INR
2024-12-05 00:00:00+05:30,2105.64990234375,2225.0,2092.074951171875,2191.574951171875,367830,2182.45703125,INR
2024-12-06 00:00:00+05:30,2217.52490234375,2237.47509765625,2119.5,2153.60009765625,216824,2144.64013671875,INR
2024-12-09 00:00:00+05:30,2157.5,2323.0,2154.125,2261.050048828125,659390,2251.64306640625,INR
2024-12-10 00:00:00+05:30,2272.0,2276.02490234375,2212.5,2222.47509765625,130238,2213.228515625,INR
2024-12-11 00:00:00+05:30,2229.5,2252.0,2177.77490234375,2198.52490234375,69954,2189.3779296875,INR
2024-12-12 00:00:00+05:30,2197.77490234375,2227.300048828125,2150.5,2169.675048828125,78308,2160.648193359375,INR
2024-12-13 00:00:00+05:30,2172.0,2180.550048828125,2125.0,2134.10009765625,72064,2125.22119140625,INR
2024-12-16 00:00:00+05:30,2147.0,2192.52490234375,2120.0,2143.0,110610,2134.084228515625,INR
2024-12-17 00:00:00+05:30,2153.5,2153.5,2085.60009765625,2107.97509765625,155586,2099.204833984375,INR
2024-12-18 00:00:00+05:30,2114.324951171875,2124.97509765625,2087.5,2099.97509765625,61824,2091.23828125,INR
2024-12-19 00:00:00+05:30,2075.0,2092.39990234375,2050.0,2073.60009765625,51598,2064.972900390625,INR
2024-12-20 00:00:00+05:30,2090.175048828125,2090.175048828125,2006.0,2031.300048828125,98622,2022.848876953125,INR
2024-12-23 00:00:00+05:30,2023.75,2024.5,1955.0,1964.25,90304,1956.0777587890625,INR
2024-12-24 00:00:00+05:30,1980.25,2000.0,1931.574951171875,1987.2249755859373,88566,1978.9571533203125,INR
2024-12-26 00:00:00+05:30,2003.949951171875,2015.7249755859373,1990.0,1999.625,38096,1991.3056640625,INR
2024-12-27 00:00:00+05:30,2008.9749755859373,2010.1500244140625,1989.2750244140625,1993.875,41146,1985.57958984375,INR
2024-12-30 00:00:00+05:30,2027.4749755859373,2027.4749755859373,1955.9749755859373,1969.9749755859373,101906,1961.7789306640625,INR
