date,open,high,low,close,volume,adjusted_close,currency
2020-01-01 00:00:00+05:30,60.79999923706055,61.75,60.09999847412109,61.0,933347,60.24234771728516,INR
2020-01-02 00:00:00+05:30,61.400001525878906,63.0,61.09999847412109,62.34999847412109,1308802,61.5755729675293,INR
2020-01-03 00:00:00+05:30,62.34999847412109,68.5,61.5,66.0999984741211,5423911,65.27899932861328,INR
2020-01-06 00:00:00+05:30,66.0,66.0,61.79999923706055,62.45000076293945,1582797,61.67433547973633,INR
2020-01-07 00:00:00+05:30,63.29999923706055,66.0,63.29999923706055,65.1500015258789,1625322,64.34080505371094,INR
2020-01-08 00:00:00+05:30,65.4000015258789,70.44999694824219,63.75,67.5,6388145,66.66162109375,INR
2020-01-09 00:00:00+05:30,68.75,68.75,67.1500015258789,67.4000015258789,1642119,66.56285095214844,INR
2020-01-10 00:00:00+05:30,67.0999984741211,70.5,67.0999984741211,67.3499984741211,1771448,66.51347351074219,INR
2020-01-13 00:00:00+05:30,68.3499984741211,69.0,67.25,68.6500015258789,1317491,67.79733276367188,INR
2020-01-14 00:00:00+05:30,69.75,71.5,68.5999984741211,69.5999984741211,2654503,68.73552703857422,INR
2020-01-15 00:00:00+05:30,69.5999984741211,71.8499984741211,68.75,70.69999694824219,2033169,69.82186889648438,INR
2020-01-16 00:00:00+05:30,71.4000015258789,71.75,70.0999984741211,70.80000305175781,1249603,69.92061614990234,INR
2020-01-17 00:00:00+05:30,71.6500015258789,73.80000305175781,71.25,72.44999694824219,2845976,71.55011749267578,INR
2020-01-20 00:00:00+05:30,72.9000015258789,73.1500015258789,68.80000305175781,69.3499984741211,1247549,68.48863220214844,INR
2020-01-21 00:00:00+05:30,68.80000305175781,69.55000305175781,67.25,68.1500015258789,879954,67.30355072021484,INR
2020-01-22 00:00:00+05:30,68.55000305175781,69.69999694824219,67.8499984741211,68.5,603029,67.64918518066406,INR
2020-01-23 00:00:00+05:30,68.6500015258789,69.5999984741211,68.0,69.1500015258789,647798,68.29112243652344,INR
2020-01-24 00:00:00+05:30,69.5999984741211,70.80000305175781,68.5,69.75,1020106,68.88365173339844,INR
2020-01-27 00:00:00+05:30,68.94999694824219,70.19999694824219,68.6500015258789,68.80000305175781,726678,67.94546508789062,INR
2020-01-28 00:00:00+05:30,69.9000015258789,70.4000015258789,67.25,67.9000015258789,790235,67.05665588378906,INR
2020-01-29 00:00:00+05:30,68.0,68.69999694824219,67.0999984741211,67.30000305175781,598969,66.46410369873047,INR
2020-01-30 00:00:00+05:30,68.55000305175781,68.9000015258789,66.5999984741211,67.8499984741211,823346,67.00726318359375,INR
2020-01-31 00:00:00+05:30,68.25,68.44999694824219,65.19999694824219,65.80000305175781,502639,64.98272705078125,INR
2020-02-03 00:00:00+05:30,61.400001525878906,62.0,58.20000076293945,60.45000076293945,619007,59.699180603027344,INR
2020-02-04 00:00:00+05:30,63.0,64.75,62.29999923706055,63.84999847412109,816325,63.05694580078125,INR
2020-02-05 00:00:00+05:30,64.19999694824219,65.8499984741211,64.0,64.44999694824219,488070,63.64949417114258,INR
2020-02-06 00:00:00+05:30,64.80000305175781,64.9000015258789,61.900001525878906,63.150001525878906,689077,62.36564254760742,INR
2020-02-07 00:00:00+05:30,63.25,63.400001525878906,61.59999847412109,62.0,424796,61.22992706298828,INR
2020-02-10 00:00:00+05:30,62.34999847412109,65.19999694824219,61.650001525878906,63.45000076293945,847272,62.66191864013672,INR
2020-02-11 00:00:00+05:30,63.650001525878906,63.900001525878906,61.25,61.59999847412109,443402,60.83489227294922,INR
2020-02-12 00:00:00+05:30,61.75,62.650001525878906,59.09999847412109,59.650001525878906,613387,58.90911483764648,INR
2020-02-13 00:00:00+05:30,60.150001525878906,60.150001525878906,57.54999923706055,58.75,576210,58.020294189453125,INR
2020-02-14 00:00:00+05:30,55.0,57.0,55.0,55.25,1457588,54.56376647949219,INR
2020-02-17 00:00:00+05:30,55.0,56.20000076293945,51.59999847412109,51.900001525878906,808002,51.25537109375,INR
2020-02-18 00:00:00+05:30,52.0,52.09999847412109,49.70000076293945,51.20000076293945,829778,50.564064025878906,INR
2020-02-19 00:00:00+05:30,51.70000076293945,53.70000076293945,51.5,52.900001525878906,608058,52.242958068847656,INR
2020-02-20 00:00:00+05:30,52.650001525878906,54.59999847412109,52.20000076293945,54.09999847412109,627545,53.42804718017578,INR
2020-02-24 00:00:00+05:30,52.95000076293945,53.5,50.70000076293945,51.20000076293945,463094,50.564064025878906,INR
2020-02-25 00:00:00+05:30,51.54999923706055,54.650001525878906,50.29999923706055,53.45000076293945,1415196,52.78612518310547,INR
2020-02-26 00:00:00+05:30,52.59999847412109,57.70000076293945,52.150001525878906,55.79999923706055,2679291,55.10693359375,INR
2020-02-27 00:00:00+05:30,56.29999923706055,56.84999847412109,54.0,54.650001525878906,693860,53.97121810913086,INR
2020-02-28 00:00:00+05:30,51.95000076293945,52.84999847412109,48.5,49.25,1083852,48.63828659057617,INR
2020-03-02 00:00:00+05:30,51.0,52.34999847412109,48.0,48.95000076293945,645165,48.34201431274414,INR
2020-03-03 00:00:00+05:30,50.95000076293945,51.45000076293945,47.59999847412109,48.150001525878906,790745,47.55195236206055,INR
2020-03-04 00:00:00+05:30,48.900001525878906,49.75,46.09999847412109,47.45000076293945,807365,46.86064910888672,INR
2020-03-05 00:00:00+05:30,48.25,48.5,46.79999923706055,47.400001525878906,510660,46.81127166748047,INR
2020-03-06 00:00:00+05:30,45.0,46.150001525878906,43.650001525878906,44.5,695072,43.94728469848633,INR
2020-03-09 00:00:00+05:30,43.0,43.79999923706055,39.04999923706055,40.29999923706055,1357322,39.7994499206543,INR
2020-03-11 00:00:00+05:30,40.900001525878906,41.79999923706055,39.34999847412109,40.650001525878906,680022,40.14510345458984,INR
2020-03-12 00:00:00+05:30,37.0,44.70000076293945,35.0,40.75,1703122,40.24385833740234,INR
2020-03-13 00:00:00+05:30,36.59999847412109,42.79999923706055,33.0,39.54999923706055,1029765,39.05876922607422,INR
2020-03-16 00:00:00+05:30,39.0,41.400001525878906,37.09999847412109,39.150001525878906,614902,38.66373825073242,INR
2020-03-17 00:00:00+05:30,39.150001525878906,39.95000076293945,37.0,37.75,480664,37.28112030029297,INR
2020-03-18 00:00:00+05:30,38.5,38.59999847412109,35.04999923706055,35.349998474121094,614120,34.91093444824219,INR
2020-03-19 00:00:00+05:30,34.79999923706055,34.79999923706055,32.0,33.5,857331,33.08391189575195,INR
2020-03-20 00:00:00+05:30,33.849998474121094,36.150001525878906,32.5,34.75,717379,34.318382263183594,INR
2020-03-23 00:00:00+05:30,33.0,33.0,30.0,30.299999237060547,649933,29.923656463623047,INR
2020-03-24 00:00:00+05:30,32.900001525878906,32.900001525878906,27.200000762939453,28.25,591527,27.899120330810547,INR
2020-03-25 00:00:00+05:30,27.25,29.600000381469727,27.25,28.450000762939453,519217,28.096635818481445,INR
2020-03-26 00:00:00+05:30,29.5,32.5,28.600000381469727,29.600000381469727,798417,29.23235321044922,INR
2020-03-27 00:00:00+05:30,34.70000076293945,34.70000076293945,29.600000381469727,30.5,925889,30.12117385864257,INR
2020-03-30 00:00:00+05:30,29.950000762939453,31.200000762939453,28.75,29.14999961853028,483635,28.78793907165528,INR
2020-03-31 00:00:00+05:30,29.700000762939453,30.700000762939453,29.200000762939453,29.450000762939453,477717,29.08421516418457,INR
2020-04-01 00:00:00+05:30,32.0,35.29999923706055,32.0,34.95000076293945,2571510,34.515899658203125,INR
2020-04-03 00:00:00+05:30,37.900001525878906,41.900001525878906,35.0,41.900001525878906,5053043,41.379581451416016,INR
2020-04-07 00:00:00+05:30,46.04999923706055,46.04999923706055,45.5,46.04999923706055,354803,45.47803497314453,INR
2020-04-08 00:00:00+05:30,50.650001525878906,50.650001525878906,46.20000076293945,50.650001525878906,2765673,50.020904541015625,INR
2020-04-09 00:00:00+05:30,54.0,54.70000076293945,52.09999847412109,53.0,1976637,52.34171295166016,INR
2020-04-13 00:00:00+05:30,54.0,54.0,47.70000076293945,47.95000076293945,1556374,47.354434967041016,INR
2020-04-15 00:00:00+05:30,47.59999847412109,50.25,43.400001525878906,46.20000076293945,1574475,45.62617111206055,INR
2020-04-16 00:00:00+05:30,49.0,49.95000076293945,48.0,48.45000076293945,954110,47.84822463989258,INR
2020-04-17 00:00:00+05:30,50.0,50.5,47.59999847412109,48.70000076293945,717652,48.09511947631836,INR
2020-04-20 00:00:00+05:30,49.29999923706055,53.54999923706055,48.900001525878906,50.900001525878906,2668034,50.26779556274414,INR
2020-04-21 00:00:00+05:30,49.75,49.75,47.400001525878906,47.95000076293945,555556,47.354434967041016,INR
2020-04-22 00:00:00+05:30,47.900001525878906,48.0,46.20000076293945,47.54999923706055,417415,46.95940017700195,INR
2020-04-23 00:00:00+05:30,49.20000076293945,50.0,48.20000076293945,48.29999923706055,490612,47.70008850097656,INR
2020-04-24 00:00:00+05:30,47.04999923706055,48.400001525878906,46.54999923706055,46.900001525878906,365670,46.317481994628906,INR
2020-04-27 00:00:00+05:30,47.75,51.400001525878906,46.70000076293945,50.04999923706055,1100959,49.4283447265625,INR
2020-04-28 00:00:00+05:30,54.0,54.0,51.79999923706055,52.34999847412109,2460351,51.69978332519531,INR
2020-04-29 00:00:00+05:30,52.59999847412109,52.75,50.150001525878906,50.79999923706055,625030,50.169036865234375,INR
2020-04-30 00:00:00+05:30,51.5,51.900001525878906,49.59999847412109,49.79999923706055,1268272,49.18144989013672,INR
2020-05-04 00:00:00+05:30,48.0,48.59999847412109,47.04999923706055,47.70000076293945,557546,47.10753631591797,INR
2020-05-05 00:00:00+05:30,48.5,48.650001525878906,46.150001525878906,46.54999923706055,374492,45.97181701660156,INR
2020-05-06 00:00:00+05:30,47.29999923706055,47.900001525878906,46.650001525878906,47.04999923706055,343280,46.465606689453125,INR
2020-05-07 00:00:00+05:30,46.900001525878906,47.0,46.0,46.150001525878906,278851,45.5767936706543,INR
2020-05-08 00:00:00+05:30,46.84999847412109,48.0,45.900001525878906,46.04999923706055,370443,45.47803497314453,INR
2020-05-11 00:00:00+05:30,46.0,46.70000076293945,45.150001525878906,45.45000076293945,287780,44.88548278808594,INR
2020-05-12 00:00:00+05:30,45.20000076293945,45.5,43.20000076293945,44.29999923706055,322293,43.74976348876953,INR
2020-05-13 00:00:00+05:30,46.400001525878906,48.70000076293945,46.0,48.70000076293945,1834191,48.09511947631836,INR
2020-05-14 00:00:00+05:30,48.900001525878906,49.70000076293945,47.0,47.54999923706055,776229,46.95940017700195,INR
2020-05-15 00:00:00+05:30,47.900001525878906,47.900001525878906,45.20000076293945,45.70000076293945,457024,45.13238143920898,INR
2020-05-18 00:00:00+05:30,45.95000076293945,46.25,43.59999847412109,44.0,348737,43.453495025634766,INR
2020-05-19 00:00:00+05:30,44.70000076293945,44.900001525878906,43.34999847412109,43.5,246062,42.9597053527832,INR
2020-05-20 00:00:00+05:30,43.5,45.0,43.20000076293945,43.75,340306,43.20659637451172,INR
2020-05-21 00:00:00+05:30,44.0,47.0,43.900001525878906,46.45000076293945,659159,45.87306594848633,INR
2020-05-22 00:00:00+05:30,47.900001525878906,48.900001525878906,46.5,47.150001525878906,1586949,46.56437301635742,INR
2020-05-26 00:00:00+05:30,47.400001525878906,47.59999847412109,45.5,45.75,284615,45.181758880615234,INR
2020-05-27 00:00:00+05:30,45.70000076293945,47.900001525878906,44.70000076293945,47.25,998297,46.66312789916992,INR
2020-05-28 00:00:00+05:30,47.54999923706055,47.84999847412109,46.20000076293945,46.45000076293945,457393,45.87306594848633,INR
2020-05-29 00:00:00+05:30,46.25,46.70000076293945,43.400001525878906,43.900001525878906,1336805,43.354740142822266,INR
2020-06-01 00:00:00+05:30,44.5,45.09999847412109,44.0,44.09999847412109,1309663,43.5522575378418,INR
2020-06-02 00:00:00+05:30,44.45000076293945,45.400001525878906,43.59999847412109,44.400001525878906,1679071,43.84852981567383,INR
2020-06-03 00:00:00+05:30,44.900001525878906,45.59999847412109,44.29999923706055,44.5,1253397,43.94728469848633,INR
2020-06-04 00:00:00+05:30,45.34999847412109,46.0,44.54999923706055,44.84999847412109,1278918,44.29293823242188,INR
2020-06-05 00:00:00+05:30,47.0,47.54999923706055,46.5,46.84999847412109,2523773,46.268096923828125,INR
2020-06-08 00:00:00+05:30,48.0,49.0,47.20000076293945,47.45000076293945,1712253,46.86064910888672,INR
2020-06-09 00:00:00+05:30,47.70000076293945,47.95000076293945,45.5,46.04999923706055,1019663,45.47803497314453,INR
2020-06-10 00:00:00+05:30,46.09999847412109,49.79999923706055,45.70000076293945,48.54999923706055,2780912,47.94698333740234,INR
2020-06-11 00:00:00+05:30,48.650001525878906,49.34999847412109,46.34999847412109,46.79999923706055,1112248,46.218711853027344,INR
2020-06-12 00:00:00+05:30,44.04999923706055,46.45000076293945,44.04999923706055,45.79999923706055,1545458,45.23114013671875,INR
2020-06-15 00:00:00+05:30,47.20000076293945,47.5,46.20000076293945,46.79999923706055,1495058,46.218711853027344,INR
2020-06-16 00:00:00+05:30,47.5,47.75,44.150001525878906,45.04999923706055,1224478,44.490455627441406,INR
2020-06-17 00:00:00+05:30,45.0,45.900001525878906,44.34999847412109,44.84999847412109,1187736,44.29293823242188,INR
2020-06-18 00:00:00+05:30,44.79999923706055,47.150001525878906,44.79999923706055,46.150001525878906,1956513,45.5767936706543,INR
2020-06-19 00:00:00+05:30,46.20000076293945,47.70000076293945,45.70000076293945,46.84999847412109,1808785,46.268096923828125,INR
2020-06-22 00:00:00+05:30,47.29999923706055,53.09999847412109,46.400001525878906,50.54999923706055,6713882,49.92213821411133,INR
2020-06-23 00:00:00+05:30,51.25,51.70000076293945,49.54999923706055,50.75,2267446,50.11965560913086,INR
2020-06-24 00:00:00+05:30,51.04999923706055,53.400001525878906,48.25,48.900001525878906,3045725,48.29263305664063,INR
2020-06-25 00:00:00+05:30,48.400001525878906,49.900001525878906,48.04999923706055,49.34999847412109,1837772,48.7370491027832,INR
2020-06-26 00:00:00+05:30,49.75,50.650001525878906,48.150001525878906,48.75,1093416,48.144493103027344,INR
2020-06-29 00:00:00+05:30,48.400001525878906,48.95000076293945,47.150001525878906,47.400001525878906,768052,46.81127166748047,INR
2020-06-30 00:00:00+05:30,47.75,48.900001525878906,46.5,46.75,816562,46.169342041015625,INR
2020-07-01 00:00:00+05:30,47.0,47.70000076293945,46.59999847412109,47.400001525878906,878942,46.81127166748047,INR
2020-07-02 00:00:00+05:30,47.75,48.5,47.54999923706055,47.75,1155112,47.15691757202149,INR
2020-07-03 00:00:00+05:30,48.0,49.59999847412109,47.84999847412109,48.5,1212922,47.89760208129883,INR
2020-07-06 00:00:00+05:30,48.95000076293945,49.45000076293945,48.5,48.900001525878906,1090774,48.29263305664063,INR
2020-07-07 00:00:00+05:30,49.0,51.34999847412109,48.59999847412109,50.75,3498045,50.11965560913086,INR
2020-07-08 00:00:00+05:30,53.0,54.84999847412109,52.5,52.79999923706055,6127072,52.144187927246094,INR
2020-07-09 00:00:00+05:30,53.20000076293945,54.20000076293945,51.84999847412109,52.54999923706055,1890763,51.89729690551758,INR
2020-07-10 00:00:00+05:30,52.0,52.20000076293945,50.5,50.79999923706055,1100831,50.169036865234375,INR
2020-07-13 00:00:00+05:30,51.0,51.29999923706055,49.54999923706055,50.04999923706055,1112929,49.4283447265625,INR
2020-07-14 00:00:00+05:30,49.79999923706055,53.5,49.20000076293945,50.900001525878906,4558159,50.26779556274414,INR
2020-07-15 00:00:00+05:30,51.900001525878906,52.79999923706055,49.79999923706055,50.70000076293945,2605947,50.07028198242188,INR
2020-07-16 00:00:00+05:30,50.650001525878906,50.70000076293945,48.5,49.29999923706055,897590,48.68766403198242,INR
2020-07-17 00:00:00+05:30,49.5,51.34999847412109,49.150001525878906,50.150001525878906,1423758,49.52711486816406,INR
2020-07-20 00:00:00+05:30,50.25,52.5,50.25,51.20000076293945,2218830,50.564064025878906,INR
2020-07-21 00:00:00+05:30,51.75,52.34999847412109,50.25,50.84999847412109,1430276,50.21841430664063,INR
2020-07-22 00:00:00+05:30,47.0,48.5,42.0,47.75,3028279,47.15691757202149,INR
2020-07-23 00:00:00+05:30,48.0,48.29999923706055,46.0,46.54999923706055,1360170,45.97181701660156,INR
2020-07-24 00:00:00+05:30,46.0,46.5,45.20000076293945,45.5,1033466,44.93486404418945,INR
2020-07-27 00:00:00+05:30,45.84999847412109,45.84999847412109,43.650001525878906,43.900001525878906,766566,43.354740142822266,INR
2020-07-28 00:00:00+05:30,44.0,45.400001525878906,44.0,44.59999847412109,717823,44.04603958129883,INR
2020-07-29 00:00:00+05:30,44.95000076293945,45.400001525878906,44.20000076293945,44.5,865370,43.94728469848633,INR
2020-07-30 00:00:00+05:30,44.79999923706055,45.0,44.0,44.09999847412109,443274,43.5522575378418,INR
2020-07-31 00:00:00+05:30,44.09999847412109,44.25,42.45000076293945,42.79999923706055,835598,42.268402099609375,INR
2020-08-03 00:00:00+05:30,42.54999923706055,45.84999847412109,41.95000076293945,45.0,1232288,44.44107437133789,INR
2020-08-04 00:00:00+05:30,45.0,45.400001525878906,43.79999923706055,44.04999923706055,767708,43.50286865234375,INR
2020-08-05 00:00:00+05:30,44.34999847412109,44.59999847412109,43.650001525878906,43.79999923706055,627328,43.25597381591797,INR
2020-08-06 00:00:00+05:30,44.09999847412109,45.900001525878906,44.0,45.29999923706055,1154832,44.73735046386719,INR
2020-08-07 00:00:00+05:30,45.45000076293945,46.79999923706055,45.0,46.150001525878906,1112501,45.5767936706543,INR
2020-08-10 00:00:00+05:30,46.400001525878906,47.34999847412109,46.150001525878906,46.70000076293945,1016107,46.119964599609375,INR
2020-08-11 00:00:00+05:30,47.04999923706055,48.0,46.59999847412109,46.79999923706055,948959,46.218711853027344,INR
2020-08-12 00:00:00+05:30,46.650001525878906,46.650001525878906,45.54999923706055,45.70000076293945,672562,45.13238143920898,INR
2020-08-13 00:00:00+05:30,45.70000076293945,47.20000076293945,45.5,46.34999847412109,823966,45.77431106567383,INR
2020-08-14 00:00:00+05:30,46.45000076293945,47.04999923706055,44.59999847412109,45.0,969662,44.44107437133789,INR
2020-08-17 00:00:00+05:30,45.20000076293945,45.900001525878906,44.54999923706055,45.20000076293945,711788,44.63859558105469,INR
2020-08-18 00:00:00+05:30,45.20000076293945,48.79999923706055,45.20000076293945,48.20000076293945,2461003,47.60132598876953,INR
2020-08-19 00:00:00+05:30,48.75,55.29999923706055,48.54999923706055,53.34999847412109,18195299,52.68735885620117,INR
2020-08-20 00:00:00+05:30,52.900001525878906,60.09999847412109,52.5,59.20000076293945,13236865,58.46470642089844,INR
2020-08-21 00:00:00+05:30,61.5,63.900001525878906,59.09999847412109,60.54999923706055,9383961,59.79793167114258,INR
2020-08-24 00:00:00+05:30,62.59999847412109,62.79999923706055,57.20000076293945,58.54999923706055,4335359,57.8227767944336,INR
2020-08-25 00:00:00+05:30,59.0,59.20000076293945,56.0,56.900001525878906,3416872,56.19327163696289,INR
2020-08-26 00:00:00+05:30,57.29999923706055,59.34999847412109,56.84999847412109,58.54999923706055,2607642,57.8227767944336,INR
2020-08-27 00:00:00+05:30,58.54999923706055,58.79999923706055,56.09999847412109,56.75,1799376,56.04513168334961,INR
2020-08-28 00:00:00+05:30,57.25,57.900001525878906,55.25,55.70000076293945,1176208,55.00817489624024,INR
2020-08-31 00:00:00+05:30,56.29999923706055,57.20000076293945,50.5,51.34999847412109,2499396,50.71220397949219,INR
2020-09-01 00:00:00+05:30,51.29999923706055,52.150001525878906,49.20000076293945,51.59999847412109,1537451,50.959102630615234,INR
2020-09-02 00:00:00+05:30,51.900001525878906,54.59999847412109,51.900001525878906,54.0,1728646,53.329288482666016,INR
2020-09-03 00:00:00+05:30,54.54999923706055,57.54999923706055,54.04999923706055,56.900001525878906,4069754,56.19327163696289,INR
2020-09-04 00:00:00+05:30,54.650001525878906,56.29999923706055,53.5,54.70000076293945,1635842,54.02059555053711,INR
2020-09-07 00:00:00+05:30,55.0,55.0,52.09999847412109,52.54999923706055,1116253,51.89729690551758,INR
2020-09-08 00:00:00+05:30,52.45000076293945,54.400001525878906,51.5,51.84999847412109,873927,51.205997467041016,INR
2020-09-09 00:00:00+05:30,51.400001525878906,51.5,49.5,50.09999847412109,1339845,49.47772979736328,INR
2020-09-10 00:00:00+05:30,50.29999923706055,52.29999923706055,50.0,51.0,1858974,50.36655044555664,INR
2020-09-11 00:00:00+05:30,51.0,51.95000076293945,50.25,51.04999923706055,1063313,50.41593170166016,INR
2020-09-14 00:00:00+05:30,51.400001525878906,54.20000076293945,51.34999847412109,53.45000076293945,1599435,52.78612518310547,INR
2020-09-15 00:00:00+05:30,54.25,55.79999923706055,53.54999923706055,55.25,1749226,54.56376647949219,INR
2020-09-16 00:00:00+05:30,55.79999923706055,55.900001525878906,53.79999923706055,54.20000076293945,858881,53.52680587768555,INR
2020-09-17 00:00:00+05:30,53.75,54.54999923706055,53.09999847412109,53.400001525878906,659347,52.73674392700195,INR
2020-09-18 00:00:00+05:30,53.84999847412109,54.84999847412109,51.79999923706055,52.25,1566308,51.74637985229492,INR
2020-09-21 00:00:00+05:30,53.09999847412109,54.79999923706055,50.400001525878906,51.25,1773087,50.75601959228516,INR
2020-09-22 00:00:00+05:30,51.25,51.75,48.25,50.09999847412109,1401610,49.61710357666016,INR
2020-09-23 00:00:00+05:30,51.45000076293945,52.0,49.59999847412109,50.400001525878906,785590,49.91421127319336,INR
2020-09-24 00:00:00+05:30,49.04999923706055,49.84999847412109,48.0,48.400001525878906,905562,47.93349075317383,INR
2020-09-25 00:00:00+05:30,49.04999923706055,51.5,48.45000076293945,50.79999923706055,929467,50.310359954833984,INR
2020-09-28 00:00:00+05:30,51.59999847412109,55.70000076293945,51.150001525878906,55.20000076293945,2514496,54.667945861816406,INR
2020-09-29 00:00:00+05:30,57.0,59.5,55.5,56.34999847412109,9544428,55.80685806274414,INR
2020-09-30 00:00:00+05:30,56.0,56.54999923706055,53.09999847412109,53.84999847412109,1486370,53.33095932006836,INR
2020-10-01 00:00:00+05:30,54.5,55.95000076293945,53.34999847412109,53.95000076293945,1511042,53.42999649047852,INR
2020-10-05 00:00:00+05:30,54.400001525878906,55.0,52.900001525878906,53.59999847412109,1031253,53.08337020874024,INR
2020-10-06 00:00:00+05:30,54.04999923706055,54.45000076293945,52.79999923706055,53.04999923706055,624419,52.53866958618164,INR
2020-10-07 00:00:00+05:30,53.09999847412109,53.900001525878906,52.150001525878906,52.29999923706055,664883,51.795894622802734,INR
2020-10-08 00:00:00+05:30,52.59999847412109,52.79999923706055,50.900001525878906,51.150001525878906,744001,50.656982421875,INR
2020-10-09 00:00:00+05:30,51.34999847412109,52.75,50.79999923706055,51.0,1178851,50.508426666259766,INR
2020-10-12 00:00:00+05:30,51.400001525878906,51.45000076293945,49.84999847412109,50.20000076293945,604618,49.71613693237305,INR
2020-10-13 00:00:00+05:30,50.04999923706055,50.54999923706055,49.5,49.79999923706055,629280,49.31999588012695,INR
2020-10-14 00:00:00+05:30,49.75,51.79999923706055,48.79999923706055,51.29999923706055,899778,50.80553817749024,INR
2020-10-15 00:00:00+05:30,51.45000076293945,51.45000076293945,49.59999847412109,49.84999847412109,597580,49.369510650634766,INR
2020-10-16 00:00:00+05:30,50.09999847412109,50.59999847412109,49.29999923706055,49.900001525878906,488433,49.41903305053711,INR
2020-10-19 00:00:00+05:30,50.34999847412109,50.59999847412109,49.59999847412109,49.75,379119,49.27047348022461,INR
2020-10-20 00:00:00+05:30,49.70000076293945,50.29999923706055,49.150001525878906,49.5,398121,49.02288436889648,INR
2020-10-21 00:00:00+05:30,49.79999923706055,50.5,49.20000076293945,49.79999923706055,627059,49.31999588012695,INR
2020-10-22 00:00:00+05:30,49.75,50.34999847412109,49.25,49.650001525878906,547698,49.17144393920898,INR
2020-10-23 00:00:00+05:30,50.0,50.5,49.59999847412109,50.150001525878906,599558,49.666622161865234,INR
2020-10-26 00:00:00+05:30,50.20000076293945,52.34999847412109,49.75,50.95000076293945,1664162,50.45891189575195,INR
2020-10-27 00:00:00+05:30,51.20000076293945,51.45000076293945,49.70000076293945,49.95000076293945,704189,49.46854782104492,INR
2020-10-28 00:00:00+05:30,50.25,50.84999847412109,49.400001525878906,49.59999847412109,616207,49.12192153930664,INR
2020-10-29 00:00:00+05:30,49.29999923706055,50.150001525878906,48.09999847412109,48.70000076293945,639461,48.23059844970703,INR
2020-10-30 00:00:00+05:30,48.54999923706055,48.75,47.0,47.150001525878906,988209,46.69553756713867,INR
2020-11-02 00:00:00+05:30,47.0,47.59999847412109,45.5,45.70000076293945,690759,45.25951766967773,INR
2020-11-03 00:00:00+05:30,46.20000076293945,46.75,45.59999847412109,45.84999847412109,582052,45.40806198120117,INR
2020-11-04 00:00:00+05:30,45.95000076293945,46.25,45.09999847412109,45.45000076293945,452773,45.01192855834961,INR
2020-11-05 00:00:00+05:30,46.0,46.75,44.59999847412109,44.79999923706055,1160202,44.3681869506836,INR
2020-11-06 00:00:00+05:30,45.29999923706055,45.79999923706055,44.650001525878906,45.0,1074450,44.56626510620117,INR
2020-11-09 00:00:00+05:30,45.400001525878906,47.70000076293945,45.400001525878906,46.70000076293945,1764120,46.24987411499024,INR
2020-11-10 00:00:00+05:30,47.20000076293945,47.20000076293945,45.04999923706055,45.400001525878906,1059668,44.96240615844727,INR
2020-11-11 00:00:00+05:30,45.70000076293945,45.70000076293945,45.0,45.29999923706055,689204,44.86336898803711,INR
2020-11-12 00:00:00+05:30,45.20000076293945,46.400001525878906,45.0,45.95000076293945,1130690,45.507102966308594,INR
2020-11-13 00:00:00+05:30,46.0,47.20000076293945,45.900001525878906,46.59999847412109,932184,46.150840759277344,INR
2020-11-14 00:00:00+05:30,46.95000076293945,46.95000076293945,46.400001525878906,46.70000076293945,285078,46.24987411499024,INR
2020-11-17 00:00:00+05:30,47.150001525878906,47.150001525878906,44.79999923706055,45.150001525878906,5781274,44.71481323242188,INR
2020-11-18 00:00:00+05:30,45.45000076293945,46.150001525878906,43.09999847412109,43.59999847412109,7592150,43.17975234985352,INR
2020-11-19 00:00:00+05:30,43.650001525878906,44.900001525878906,41.25,41.650001525878906,17590275,41.24855041503906,INR
2020-11-20 00:00:00+05:30,41.95000076293945,42.59999847412109,38.900001525878906,39.25,13761019,38.87168502807617,INR
2020-11-23 00:00:00+05:30,39.29999923706055,42.20000076293945,37.5,41.79999923706055,13891141,41.39710235595703,INR
2020-11-24 00:00:00+05:30,42.20000076293945,42.650001525878906,41.04999923706055,41.25,5782488,40.85240936279297,INR
2020-11-25 00:00:00+05:30,41.650001525878906,41.70000076293945,39.59999847412109,39.84999847412109,4269581,39.46590423583984,INR
2020-11-26 00:00:00+05:30,40.0,41.5,39.84999847412109,41.25,3995600,40.85240936279297,INR
2020-11-27 00:00:00+05:30,41.59999847412109,41.79999923706055,40.900001525878906,41.0,3111167,40.60481643676758,INR
2020-12-01 00:00:00+05:30,41.29999923706055,43.04999923706055,41.150001525878906,42.45000076293945,5625461,42.04084014892578,INR
2020-12-02 00:00:00+05:30,43.0,43.650001525878906,42.0,42.45000076293945,4061224,42.04084014892578,INR
2020-12-03 00:00:00+05:30,42.79999923706055,43.59999847412109,42.70000076293945,43.29999923706055,3336427,42.88264465332031,INR
2020-12-04 00:00:00+05:30,44.0,44.59999847412109,43.20000076293945,43.5,3984126,43.08071899414063,INR
2020-12-07 00:00:00+05:30,43.900001525878906,44.400001525878906,43.59999847412109,43.95000076293945,3069501,43.52638626098633,INR
2020-12-08 00:00:00+05:30,44.400001525878906,44.54999923706055,42.400001525878906,43.150001525878906,3764631,42.73409271240234,INR
2020-12-09 00:00:00+05:30,43.150001525878906,44.25,42.70000076293945,42.900001525878906,3267167,42.48650360107422,INR
2020-12-10 00:00:00+05:30,43.0,43.09999847412109,41.75,42.150001525878906,1979887,41.74373626708984,INR
2020-12-11 00:00:00+05:30,42.34999847412109,42.70000076293945,41.84999847412109,42.29999923706055,1851895,41.89228439331055,INR
2020-12-14 00:00:00+05:30,42.59999847412109,43.34999847412109,42.5,43.09999847412109,2168333,42.6845703125,INR
2020-12-15 00:00:00+05:30,43.400001525878906,44.150001525878906,43.0,43.70000076293945,4465517,43.27879333496094,INR
2020-12-16 00:00:00+05:30,44.09999847412109,45.59999847412109,43.79999923706055,44.95000076293945,5129277,44.51674270629883,INR
2020-12-17 00:00:00+05:30,45.29999923706055,47.34999847412109,45.25,46.150001525878906,7890584,45.70518112182617,INR
2020-12-18 00:00:00+05:30,46.29999923706055,46.59999847412109,44.20000076293945,44.84999847412109,3267445,44.41770553588867,INR
2020-12-21 00:00:00+05:30,44.70000076293945,44.70000076293945,40.09999847412109,41.0,4063899,40.60481643676758,INR
2020-12-22 00:00:00+05:30,41.0,42.45000076293945,38.79999923706055,41.95000076293945,3487525,41.54566192626953,INR
2020-12-23 00:00:00+05:30,42.34999847412109,43.25,42.29999923706055,42.650001525878906,3269172,42.23891830444336,INR
2020-12-24 00:00:00+05:30,43.09999847412109,43.59999847412109,41.70000076293945,41.900001525878906,2662040,41.49614334106445,INR
2020-12-28 00:00:00+05:30,42.34999847412109,42.79999923706055,41.95000076293945,42.150001525878906,1690970,41.74373626708984,INR
2020-12-29 00:00:00+05:30,43.34999847412109,44.150001525878906,42.79999923706055,43.400001525878906,4126897,42.9816780090332,INR
2020-12-30 00:00:00+05:30,43.70000076293945,44.09999847412109,42.70000076293945,43.75,2722938,43.32830810546875,INR
2020-12-31 00:00:00+05:30,44.09999847412109,44.34999847412109,43.5,43.75,2059537,43.32830810546875,INR
2021-01-01 00:00:00+05:30,43.54999923706055,44.75,43.5,44.29999923706055,3091275,43.87300491333008,INR
2021-01-04 00:00:00+05:30,45.0,45.900001525878906,44.04999923706055,45.400001525878906,4640434,44.96240615844727,INR
2021-01-05 00:00:00+05:30,45.59999847412109,46.95000076293945,44.400001525878906,46.09999847412109,5089859,45.65565872192383,INR
2021-01-06 00:00:00+05:30,46.34999847412109,48.5,45.84999847412109,47.70000076293945,15430150,47.24023818969727,INR
2021-01-07 00:00:00+05:30,48.29999923706055,49.20000076293945,48.0,48.29999923706055,6019351,47.83445358276367,INR
2021-01-08 00:00:00+05:30,49.04999923706055,51.70000076293945,49.04999923706055,50.650001525878906,14104928,50.16180419921875,INR
2021-01-11 00:00:00+05:30,51.34999847412109,51.79999923706055,48.34999847412109,49.59999847412109,7482851,49.12192153930664,INR
2021-01-12 00:00:00+05:30,49.25,49.84999847412109,48.70000076293945,49.04999923706055,3100126,48.57722473144531,INR
2021-01-13 00:00:00+05:30,51.25,54.34999847412109,51.20000076293945,52.20000076293945,22733095,51.69686508178711,INR
2021-01-14 00:00:00+05:30,52.79999923706055,53.20000076293945,51.34999847412109,52.70000076293945,4851219,52.19204330444336,INR
2021-01-15 00:00:00+05:30,52.70000076293945,52.75,50.59999847412109,51.0,3859168,50.508426666259766,INR
2021-01-18 00:00:00+05:30,50.95000076293945,50.95000076293945,47.70000076293945,48.400001525878906,4057471,47.93349075317383,INR
2021-01-19 00:00:00+05:30,49.0,49.900001525878906,48.84999847412109,49.34999847412109,2688202,48.87432861328125,INR
2021-01-20 00:00:00+05:30,49.5,49.84999847412109,48.400001525878906,48.70000076293945,2189424,48.23059844970703,INR
2021-01-21 00:00:00+05:30,49.09999847412109,49.29999923706055,46.79999923706055,47.09999847412109,2398452,46.6460189819336,INR
2021-01-22 00:00:00+05:30,47.59999847412109,48.5,46.400001525878906,47.25,3518748,46.79457092285156,INR
2021-01-25 00:00:00+05:30,47.75,48.09999847412109,44.5,44.70000076293945,3861449,44.2691535949707,INR
2021-01-27 00:00:00+05:30,45.5,46.29999923706055,44.400001525878906,45.04999923706055,2505828,44.61577987670898,INR
2021-01-28 00:00:00+05:30,44.04999923706055,45.900001525878906,43.79999923706055,45.34999847412109,1883925,44.91288757324219,INR
2021-01-29 00:00:00+05:30,46.0,46.400001525878906,44.5,44.84999847412109,1480063,44.41770553588867,INR
2021-02-01 00:00:00+05:30,45.29999923706055,45.79999923706055,44.45000076293945,45.5,2388569,45.06144332885742,INR
2021-02-02 00:00:00+05:30,46.150001525878906,46.75,45.5,45.900001525878906,1910704,45.45758819580078,INR
2021-02-03 00:00:00+05:30,46.29999923706055,46.34999847412109,45.59999847412109,45.95000076293945,1868652,45.507102966308594,INR
2021-02-04 00:00:00+05:30,45.900001525878906,48.25,45.650001525878906,47.79999923706055,4146211,47.33927536010742,INR
2021-02-05 00:00:00+05:30,48.20000076293945,48.54999923706055,46.75,47.25,1960419,46.79457092285156,INR
2021-02-08 00:00:00+05:30,47.59999847412109,49.400001525878906,47.20000076293945,48.70000076293945,3434362,48.23059844970703,INR
2021-02-09 00:00:00+05:30,48.95000076293945,49.0,47.150001525878906,47.34999847412109,2086837,46.89360809326172,INR
2021-02-10 00:00:00+05:30,46.0,46.54999923706055,44.79999923706055,45.09999847412109,4376986,44.66529846191406,INR
2021-02-11 00:00:00+05:30,45.0,45.5,44.650001525878906,44.95000076293945,2343232,44.51674270629883,INR
2021-02-12 00:00:00+05:30,45.25,46.70000076293945,44.79999923706055,45.5,3135073,45.06144332885742,INR
2021-02-15 00:00:00+05:30,45.900001525878906,46.400001525878906,45.09999847412109,45.20000076293945,1757157,44.76433944702149,INR
2021-02-16 00:00:00+05:30,45.20000076293945,45.5,44.400001525878906,44.650001525878906,1727983,44.219635009765625,INR
2021-02-17 00:00:00+05:30,44.54999923706055,45.20000076293945,44.400001525878906,44.650001525878906,1494547,44.219635009765625,INR
2021-02-18 00:00:00+05:30,45.09999847412109,46.5,44.95000076293945,46.09999847412109,3564458,45.65565872192383,INR
2021-02-19 00:00:00+05:30,45.95000076293945,46.75,45.20000076293945,45.45000076293945,2988710,45.01192855834961,INR
2021-02-22 00:00:00+05:30,45.75,49.29999923706055,42.0,43.29999923706055,20988847,42.88264465332031,INR
2021-02-23 00:00:00+05:30,43.54999923706055,44.150001525878906,39.900001525878906,42.400001525878906,15713076,41.99132537841797,INR
2021-02-24 00:00:00+05:30,43.09999847412109,43.29999923706055,40.25,41.09999847412109,6309842,40.70384979248047,INR
2021-02-25 00:00:00+05:30,41.5,49.29999923706055,39.70000076293945,49.29999923706055,100655226,48.8248176574707,INR
2021-02-26 00:00:00+05:30,49.95000076293945,56.400001525878906,48.09999847412109,52.29999923706055,90076752,51.795894622802734,INR
2021-03-01 00:00:00+05:30,53.70000076293945,55.0,44.09999847412109,45.650001525878906,76471951,45.20999526977539,INR
2021-03-02 00:00:00+05:30,45.84999847412109,49.45000076293945,43.75,47.84999847412109,49010209,47.388790130615234,INR
2021-03-03 00:00:00+05:30,48.25,48.95000076293945,47.34999847412109,47.84999847412109,13080389,47.388790130615234,INR
2021-03-04 00:00:00+05:30,47.400001525878906,48.5,46.04999923706055,46.54999923706055,10859764,46.101318359375,INR
2021-03-05 00:00:00+05:30,46.59999847412109,47.70000076293945,45.0,45.70000076293945,8364015,45.25951766967773,INR
2021-03-08 00:00:00+05:30,46.20000076293945,47.34999847412109,45.54999923706055,45.900001525878906,5789794,45.45758819580078,INR
2021-03-09 00:00:00+05:30,46.45000076293945,46.59999847412109,44.59999847412109,45.20000076293945,5014056,44.76433944702149,INR
2021-03-10 00:00:00+05:30,45.5,47.400001525878906,45.0,46.650001525878906,9126331,46.20035552978516,INR
2021-03-12 00:00:00+05:30,47.0,47.70000076293945,45.34999847412109,45.54999923706055,9244217,45.110958099365234,INR
2021-03-15 00:00:00+05:30,45.900001525878906,45.900001525878906,44.400001525878906,45.20000076293945,5335250,44.76433944702149,INR
2021-03-16 00:00:00+05:30,45.45000076293945,46.45000076293945,44.79999923706055,45.04999923706055,5234306,44.61577987670898,INR
2021-03-17 00:00:00+05:30,45.09999847412109,45.400001525878906,42.70000076293945,43.09999847412109,5660817,42.6845703125,INR
2021-03-18 00:00:00+05:30,43.5,44.20000076293945,41.79999923706055,42.5,7467663,42.09035873413086,INR
2021-03-19 00:00:00+05:30,41.84999847412109,43.0,40.5,42.5,6157215,42.09035873413086,INR
2021-03-22 00:00:00+05:30,42.79999923706055,43.900001525878906,42.09999847412109,43.150001525878906,3962252,42.73409271240234,INR
2021-03-23 00:00:00+05:30,43.400001525878906,43.650001525878906,42.79999923706055,43.25,2523319,42.8331298828125,INR
2021-03-24 00:00:00+05:30,43.400001525878906,43.95000076293945,42.04999923706055,42.29999923706055,4364991,41.89228439331055,INR
2021-03-25 00:00:00+05:30,42.54999923706055,42.650001525878906,41.09999847412109,41.70000076293945,4465234,41.29806900024414,INR
2021-03-26 00:00:00+05:30,42.29999923706055,42.45000076293945,41.29999923706055,41.45000076293945,3360775,41.05048370361328,INR
2021-03-30 00:00:00+05:30,42.150001525878906,42.25,41.59999847412109,41.75,2374632,41.34758758544922,INR
2021-03-31 00:00:00+05:30,41.75,42.79999923706055,41.25,41.650001525878906,3085795,41.24855041503906,INR
2021-04-01 00:00:00+05:30,42.0,44.5,41.900001525878906,44.0,6395196,43.57589721679688,INR
2021-04-05 00:00:00+05:30,43.650001525878906,43.95000076293945,42.0,42.54999923706055,3336068,42.13987731933594,INR
2021-04-06 00:00:00+05:30,42.70000076293945,45.5,42.29999923706055,44.650001525878906,6473166,44.219635009765625,INR
2021-04-07 00:00:00+05:30,45.0,45.75,44.09999847412109,44.75,4708299,44.31867218017578,INR
2021-04-08 00:00:00+05:30,45.0,46.70000076293945,44.79999923706055,45.20000076293945,12167008,44.76433944702149,INR
2021-04-09 00:00:00+05:30,45.150001525878906,46.20000076293945,44.79999923706055,45.0,8453707,44.56626510620117,INR
2021-04-12 00:00:00+05:30,43.20000076293945,43.54999923706055,41.59999847412109,41.900001525878906,8948957,41.49614334106445,INR
2021-04-13 00:00:00+05:30,42.0,43.70000076293945,41.70000076293945,43.34999847412109,10251678,42.93216323852539,INR
2021-04-15 00:00:00+05:30,43.0,43.25,41.79999923706055,42.45000076293945,6533709,42.04084014892578,INR
2021-04-16 00:00:00+05:30,42.75,43.70000076293945,42.54999923706055,43.0,7412427,42.585540771484375,INR
2021-04-19 00:00:00+05:30,41.75,42.09999847412109,41.09999847412109,41.54999923706055,5072456,41.149513244628906,INR
2021-04-20 00:00:00+05:30,42.04999923706055,42.45000076293945,41.25,41.79999923706055,4237089,41.39710235595703,INR
2021-04-22 00:00:00+05:30,41.84999847412109,42.400001525878906,41.5,42.04999923706055,3505094,41.64469528198242,INR
2021-04-23 00:00:00+05:30,42.0,45.900001525878906,41.79999923706055,44.45000076293945,13618959,44.02156066894531,INR
2021-04-26 00:00:00+05:30,44.84999847412109,45.84999847412109,44.20000076293945,45.0,5174281,44.56626510620117,INR
2021-04-27 00:00:00+05:30,45.25,45.650001525878906,44.79999923706055,45.0,3463294,44.56626510620117,INR
2021-04-28 00:00:00+05:30,45.34999847412109,47.70000076293945,45.150001525878906,45.95000076293945,13025254,45.507102966308594,INR
2021-04-29 00:00:00+05:30,46.5,46.900001525878906,45.09999847412109,45.29999923706055,4118049,44.86336898803711,INR
2021-04-30 00:00:00+05:30,45.0,46.0,44.25,44.59999847412109,4083663,44.170108795166016,INR
2021-05-03 00:00:00+05:30,44.59999847412109,45.79999923706055,44.04999923706055,45.0,4480569,44.56626510620117,INR
2021-05-04 00:00:00+05:30,45.59999847412109,47.70000076293945,45.09999847412109,45.25,11679751,44.81385040283203,INR
2021-05-05 00:00:00+05:30,45.75,46.70000076293945,45.400001525878906,46.150001525878906,5115744,45.70518112182617,INR
2021-05-06 00:00:00+05:30,46.5,46.59999847412109,45.59999847412109,45.75,4147042,45.30903244018555,INR
2021-05-07 00:00:00+05:30,46.0,49.75,45.95000076293945,48.70000076293945,23637381,48.23059844970703,INR
2021-05-10 00:00:00+05:30,49.29999923706055,52.20000076293945,49.29999923706055,51.150001525878906,22591178,50.656982421875,INR
2021-05-11 00:00:00+05:30,50.0,53.5,49.59999847412109,51.150001525878906,20340292,50.656982421875,INR
2021-05-12 00:00:00+05:30,51.400001525878906,52.29999923706055,49.150001525878906,49.59999847412109,11825365,49.12192153930664,INR
2021-05-14 00:00:00+05:30,50.09999847412109,51.900001525878906,49.20000076293945,50.04999923706055,14188006,49.56758117675781,INR
2021-05-17 00:00:00+05:30,50.650001525878906,52.25,50.34999847412109,51.20000076293945,8932043,50.70650100708008,INR
2021-05-18 00:00:00+05:30,51.900001525878906,52.09999847412109,50.150001525878906,50.400001525878906,6691463,49.91421127319336,INR
2021-05-19 00:00:00+05:30,50.29999923706055,50.79999923706055,49.09999847412109,49.25,5384173,48.77529525756836,INR
2021-05-20 00:00:00+05:30,49.29999923706055,51.25,48.79999923706055,49.84999847412109,7619328,49.369510650634766,INR
2021-05-21 00:00:00+05:30,50.29999923706055,50.84999847412109,49.400001525878906,49.70000076293945,3904255,49.2209587097168,INR
2021-05-24 00:00:00+05:30,50.0,50.650001525878906,49.400001525878906,49.59999847412109,4265089,49.12192153930664,INR
2021-05-25 00:00:00+05:30,50.0,50.70000076293945,49.29999923706055,49.45000076293945,6514728,48.973365783691406,INR
2021-05-26 00:00:00+05:30,49.84999847412109,54.5,49.59999847412109,53.400001525878906,35278241,52.88529968261719,INR
2021-05-27 00:00:00+05:30,53.900001525878906,56.09999847412109,53.5,54.20000076293945,25601579,53.67758560180664,INR
2021-05-28 00:00:00+05:30,54.75,55.150001525878906,51.59999847412109,51.900001525878906,10144349,51.39975738525391,INR
2021-05-31 00:00:00+05:30,51.900001525878906,52.09999847412109,50.70000076293945,50.84999847412109,6210601,50.35987091064453,INR
2021-06-01 00:00:00+05:30,51.25,53.45000076293945,50.84999847412109,51.79999923706055,12156031,51.30071258544922,INR
2021-06-02 00:00:00+05:30,51.79999923706055,52.70000076293945,51.59999847412109,52.09999847412109,6263695,51.59782409667969,INR
2021-06-03 00:00:00+05:30,52.59999847412109,52.95000076293945,51.34999847412109,51.70000076293945,4941793,51.2016830444336,INR
2021-06-04 00:00:00+05:30,52.0,52.150001525878906,50.84999847412109,51.150001525878906,5466111,50.656982421875,INR
2021-06-07 00:00:00+05:30,51.650001525878906,53.04999923706055,51.20000076293945,52.04999923706055,7485218,51.54830932617188,INR
2021-06-08 00:00:00+05:30,52.45000076293945,56.20000076293945,51.29999923706055,55.29999923706055,23885035,54.7669792175293,INR
2021-06-09 00:00:00+05:30,55.84999847412109,58.45000076293945,53.75,54.59999847412109,37671120,54.07372283935547,INR
2021-06-10 00:00:00+05:30,55.0,56.900001525878906,55.0,56.0,10052953,55.46023178100586,INR
2021-06-11 00:00:00+05:30,56.79999923706055,57.34999847412109,54.34999847412109,54.900001525878906,7983894,54.3708381652832,INR
2021-06-14 00:00:00+05:30,54.900001525878906,55.400001525878906,52.150001525878906,53.650001525878906,7506118,53.13288879394531,INR
2021-06-15 00:00:00+05:30,53.79999923706055,55.70000076293945,53.79999923706055,54.59999847412109,8138659,54.07372283935547,INR
2021-06-16 00:00:00+05:30,54.79999923706055,55.09999847412109,53.09999847412109,53.650001525878906,6067237,53.13288879394531,INR
2021-06-17 00:00:00+05:30,53.95000076293945,62.150001525878906,53.70000076293945,57.79999923706055,114514365,57.24288940429688,INR
2021-06-18 00:00:00+05:30,57.70000076293945,59.59999847412109,54.0,56.29999923706055,31974035,55.75733947753906,INR
2021-06-21 00:00:00+05:30,55.0,58.25,54.150001525878906,57.75,14227849,57.19336700439453,INR
2021-06-22 00:00:00+05:30,58.20000076293945,58.75,56.75,56.95000076293945,9819259,56.40108108520508,INR
2021-06-23 00:00:00+05:30,57.34999847412109,62.29999923706055,56.29999923706055,59.650001525878906,35080967,59.07505416870117,INR
2021-06-24 00:00:00+05:30,60.29999923706055,61.400001525878906,58.5,59.25,11890809,58.67891311645508,INR
2021-06-25 00:00:00+05:30,59.650001525878906,60.650001525878906,58.59999847412109,59.04999923706055,8072292,58.480838775634766,INR
2021-06-28 00:00:00+05:30,59.59999847412109,59.84999847412109,58.09999847412109,58.400001525878906,6542739,57.83710479736328,INR
2021-06-29 00:00:00+05:30,58.59999847412109,61.0,58.29999923706055,59.04999923706055,15367131,58.480838775634766,INR
2021-06-30 00:00:00+05:30,58.5,59.150001525878906,56.84999847412109,57.04999923706055,8468955,56.5001106262207,INR
2021-07-01 00:00:00+05:30,56.5,57.0,54.0,54.45000076293945,14012213,53.92517852783203,INR
2021-07-02 00:00:00+05:30,55.0,56.59999847412109,54.79999923706055,55.29999923706055,9658649,54.7669792175293,INR
2021-07-05 00:00:00+05:30,55.79999923706055,57.34999847412109,55.59999847412109,56.400001525878906,8658125,55.85638427734375,INR
2021-07-06 00:00:00+05:30,56.70000076293945,57.650001525878906,55.0,55.59999847412109,7706483,55.0640869140625,INR
2021-07-07 00:00:00+05:30,55.59999847412109,56.20000076293945,55.20000076293945,55.5,5091197,54.96505355834961,INR
2021-07-08 00:00:00+05:30,55.5,56.400001525878906,54.34999847412109,54.79999923706055,5404171,54.27180099487305,INR
2021-07-09 00:00:00+05:30,54.70000076293945,55.34999847412109,54.400001525878906,54.84999847412109,4160837,54.321319580078125,INR
2021-07-12 00:00:00+05:30,55.25,56.84999847412109,55.25,55.70000076293945,7413509,55.16312789916992,INR
2021-07-13 00:00:00+05:30,56.45000076293945,56.650001525878906,55.29999923706055,55.5,4738745,54.96505355834961,INR
2021-07-14 00:00:00+05:30,56.0,56.45000076293945,55.79999923706055,56.04999923706055,5476060,55.5097541809082,INR
2021-07-15 00:00:00+05:30,56.400001525878906,56.650001525878906,55.0,55.20000076293945,4067388,54.667945861816406,INR
2021-07-16 00:00:00+05:30,55.29999923706055,55.84999847412109,54.20000076293945,54.400001525878906,4832146,53.87565994262695,INR
2021-07-19 00:00:00+05:30,54.0,54.59999847412109,53.150001525878906,53.400001525878906,4604411,52.88529968261719,INR
2021-07-20 00:00:00+05:30,53.0,53.400001525878906,50.84999847412109,52.0,7008958,51.4987907409668,INR
2021-07-22 00:00:00+05:30,52.900001525878906,55.70000076293945,52.34999847412109,54.5,6293677,53.97469329833984,INR
2021-07-23 00:00:00+05:30,55.5,55.59999847412109,53.54999923706055,53.900001525878906,5087234,53.38047790527344,INR
2021-07-26 00:00:00+05:30,53.54999923706055,53.79999923706055,50.900001525878906,51.34999847412109,14407466,50.85505676269531,INR
2021-07-27 00:00:00+05:30,53.0,53.0,50.84999847412109,51.45000076293945,11777894,50.9540901184082,INR
2021-07-28 00:00:00+05:30,51.29999923706055,53.29999923706055,50.79999923706055,51.95000076293945,15039002,51.44927215576172,INR
2021-07-29 00:00:00+05:30,52.29999923706055,52.79999923706055,51.75,52.04999923706055,6011977,51.54830932617188,INR
2021-07-30 00:00:00+05:30,52.0,53.150001525878906,51.70000076293945,51.900001525878906,10274394,51.39975738525391,INR
2021-08-02 00:00:00+05:30,52.34999847412109,52.45000076293945,51.25,51.45000076293945,5884864,50.9540901184082,INR
2021-08-03 00:00:00+05:30,51.5,51.95000076293945,50.59999847412109,50.79999923706055,4847529,50.310359954833984,INR
2021-08-04 00:00:00+05:30,51.0,51.34999847412109,48.5,48.75,7423499,48.28011322021485,INR
2021-08-05 00:00:00+05:30,49.0,49.59999847412109,47.29999923706055,49.0,6088599,48.52770233154297,INR
2021-08-06 00:00:00+05:30,48.900001525878906,52.0,48.54999923706055,51.0,10509545,50.508426666259766,INR
2021-08-09 00:00:00+05:30,51.95000076293945,52.59999847412109,50.5,51.400001525878906,7320491,50.904579162597656,INR
2021-08-10 00:00:00+05:30,51.54999923706055,51.79999923706055,47.79999923706055,48.75,5678057,48.28011322021485,INR
2021-08-11 00:00:00+05:30,48.84999847412109,49.20000076293945,46.29999923706055,47.70000076293945,6314205,47.24023818969727,INR
2021-08-12 00:00:00+05:30,48.0,50.45000076293945,47.84999847412109,49.84999847412109,5352444,49.369510650634766,INR
2021-08-13 00:00:00+05:30,50.0,51.400001525878906,49.400001525878906,50.0,4947730,49.51807022094727,INR
2021-08-16 00:00:00+05:30,50.400001525878906,50.400001525878906,48.09999847412109,48.29999923706055,3144694,47.83445358276367,INR
2021-08-17 00:00:00+05:30,48.09999847412109,48.79999923706055,46.79999923706055,47.29999923706055,3897484,46.84409332275391,INR
2021-08-18 00:00:00+05:30,47.54999923706055,47.650001525878906,46.29999923706055,46.5,2683593,46.05180740356445,INR
2021-08-20 00:00:00+05:30,45.29999923706055,46.34999847412109,44.09999847412109,44.59999847412109,4101710,44.170108795166016,INR
2021-08-23 00:00:00+05:30,44.75,45.0,42.0,42.54999923706055,5880450,42.13987731933594,INR
2021-08-24 00:00:00+05:30,42.84999847412109,44.25,42.54999923706055,44.0,3874558,43.57589721679688,INR
2021-08-25 00:00:00+05:30,44.400001525878906,45.400001525878906,44.20000076293945,44.900001525878906,2767308,44.467227935791016,INR
2021-08-26 00:00:00+05:30,45.25,45.54999923706055,44.25,44.45000076293945,2129695,44.02156066894531,INR
2021-08-27 00:00:00+05:30,44.45000076293945,46.79999923706055,44.150001525878906,46.20000076293945,4092754,45.75469207763672,INR
2021-08-30 00:00:00+05:30,46.59999847412109,48.45000076293945,46.20000076293945,47.25,4885291,46.79457092285156,INR
2021-08-31 00:00:00+05:30,47.45000076293945,48.20000076293945,46.54999923706055,47.09999847412109,3119430,46.6460189819336,INR
2021-09-01 00:00:00+05:30,47.400001525878906,47.45000076293945,46.25,46.54999923706055,2339545,46.101318359375,INR
2021-09-02 00:00:00+05:30,46.59999847412109,47.900001525878906,46.45000076293945,47.20000076293945,2896135,46.745059967041016,INR
2021-09-03 00:00:00+05:30,47.400001525878906,47.45000076293945,46.70000076293945,46.84999847412109,2158764,46.39842987060547,INR
2021-09-06 00:00:00+05:30,47.0,47.29999923706055,46.29999923706055,46.54999923706055,1926470,46.101318359375,INR
2021-09-07 00:00:00+05:30,46.75,46.75,45.34999847412109,45.59999847412109,1917398,45.16047668457031,INR
2021-09-08 00:00:00+05:30,45.59999847412109,46.75,45.400001525878906,46.150001525878906,2368120,45.70518112182617,INR
2021-09-09 00:00:00+05:30,46.09999847412109,46.900001525878906,45.650001525878906,46.34999847412109,2134806,45.90324401855469,INR
2021-09-13 00:00:00+05:30,46.45000076293945,47.34999847412109,46.34999847412109,46.79999923706055,2859696,46.34891128540039,INR
2021-09-14 00:00:00+05:30,47.09999847412109,47.84999847412109,46.95000076293945,47.20000076293945,2274376,46.745059967041016,INR
2021-09-15 00:00:00+05:30,47.45000076293945,48.0,47.09999847412109,47.29999923706055,2994308,46.84409332275391,INR
2021-09-16 00:00:00+05:30,47.45000076293945,48.0,47.20000076293945,47.400001525878906,2877493,46.9431266784668,INR
2021-09-17 00:00:00+05:30,47.70000076293945,50.900001525878906,47.54999923706055,50.04999923706055,18987396,49.56758117675781,INR
2021-09-20 00:00:00+05:30,49.0,51.150001525878906,47.84999847412109,48.54999923706055,5996317,48.0820426940918,INR
2021-09-21 00:00:00+05:30,48.400001525878906,53.79999923706055,48.29999923706055,53.0,28870392,52.65182495117188,INR
2021-09-22 00:00:00+05:30,53.70000076293945,55.650001525878906,52.34999847412109,53.79999923706055,19475161,53.44656753540039,INR
2021-09-23 00:00:00+05:30,54.0,54.70000076293945,51.900001525878906,52.25,7751089,51.90675354003906,INR
2021-09-24 00:00:00+05:30,52.54999923706055,55.0,51.400001525878906,52.34999847412109,10421298,52.0060920715332,INR
2021-09-27 00:00:00+05:30,52.75,53.34999847412109,51.09999847412109,51.650001525878906,5710168,51.310691833496094,INR
2021-09-28 00:00:00+05:30,51.84999847412109,53.95000076293945,50.5,53.09999847412109,7780223,52.75116729736328,INR
2021-09-29 00:00:00+05:30,53.25,53.75,51.900001525878906,52.20000076293945,5012165,51.85708236694336,INR
2021-09-30 00:00:00+05:30,52.5,52.84999847412109,51.25,51.54999923706055,3324261,51.21134948730469,INR
2021-10-01 00:00:00+05:30,51.45000076293945,52.45000076293945,51.09999847412109,51.54999923706055,3647876,51.21134948730469,INR
2021-10-04 00:00:00+05:30,51.900001525878906,53.70000076293945,51.79999923706055,53.150001525878906,6860393,52.80084228515625,INR
2021-10-05 00:00:00+05:30,53.20000076293945,56.09999847412109,53.20000076293945,53.75,18996276,53.39689636230469,INR
2021-10-06 00:00:00+05:30,54.25,54.54999923706055,52.04999923706055,52.45000076293945,6362395,52.10543441772461,INR
2021-10-07 00:00:00+05:30,52.900001525878906,53.5,52.5,52.75,3972811,52.403465270996094,INR
2021-10-08 00:00:00+05:30,53.0,53.25,51.84999847412109,51.95000076293945,3157503,51.60872268676758,INR
2021-10-11 00:00:00+05:30,52.29999923706055,52.45000076293945,50.900001525878906,51.09999847412109,4556223,50.764305114746094,INR
2021-10-12 00:00:00+05:30,51.20000076293945,51.75,50.25,50.900001525878906,3636742,50.56562423706055,INR
2021-10-13 00:00:00+05:30,51.20000076293945,51.70000076293945,50.59999847412109,50.900001525878906,5795415,50.56562423706055,INR
2021-10-14 00:00:00+05:30,51.29999923706055,51.400001525878906,50.25,50.650001525878906,4339742,50.317264556884766,INR
2021-10-18 00:00:00+05:30,51.150001525878906,53.20000076293945,50.5,52.0,10165561,51.65839767456055,INR
2021-10-19 00:00:00+05:30,52.5,52.79999923706055,50.0,50.650001525878906,14484018,50.317264556884766,INR
2021-10-20 00:00:00+05:30,50.70000076293945,51.29999923706055,49.400001525878906,50.70000076293945,6200979,50.36693572998047,INR
2021-10-21 00:00:00+05:30,51.0,55.95000076293945,49.900001525878906,54.150001525878906,43143981,53.79426956176758,INR
2021-10-22 00:00:00+05:30,56.29999923706055,58.70000076293945,54.34999847412109,55.5,40226239,55.13540267944336,INR
2021-10-25 00:00:00+05:30,55.650001525878906,55.900001525878906,50.900001525878906,51.20000076293945,14147582,50.8636474609375,INR
2021-10-26 00:00:00+05:30,51.45000076293945,52.5,50.70000076293945,51.0,6799789,50.66496276855469,INR
2021-10-27 00:00:00+05:30,51.29999923706055,51.75,50.59999847412109,50.95000076293945,8236570,50.61529541015625,INR
2021-10-28 00:00:00+05:30,50.95000076293945,51.400001525878906,50.5,50.900001525878906,5929158,50.56562423706055,INR
2021-10-29 00:00:00+05:30,51.0,53.54999923706055,49.75,52.650001525878906,13445331,52.30412673950195,INR
2021-11-01 00:00:00+05:30,52.79999923706055,53.84999847412109,52.0,52.45000076293945,7513342,52.10543441772461,INR
2021-11-02 00:00:00+05:30,52.75,53.5,52.20000076293945,52.34999847412109,5497618,52.0060920715332,INR
2021-11-03 00:00:00+05:30,52.54999923706055,52.79999923706055,50.84999847412109,51.04999923706055,4678018,50.714637756347656,INR
2021-11-04 00:00:00+05:30,51.45000076293945,52.04999923706055,51.34999847412109,51.75,1148657,51.410037994384766,INR
2021-11-08 00:00:00+05:30,52.0,52.79999923706055,51.0,52.25,3443887,51.90675354003906,INR
2021-11-09 00:00:00+05:30,52.25,53.0,51.650001525878906,52.25,5443965,51.90675354003906,INR
2021-11-10 00:00:00+05:30,51.75,53.79999923706055,51.75,52.650001525878906,4974333,52.30412673950195,INR
2021-11-11 00:00:00+05:30,52.84999847412109,52.84999847412109,51.20000076293945,51.400001525878906,3772779,51.06233596801758,INR
2021-11-12 00:00:00+05:30,51.900001525878906,52.29999923706055,51.09999847412109,51.34999847412109,2869088,51.01266479492188,INR
2021-11-15 00:00:00+05:30,50.0,50.34999847412109,43.0,48.25,8767226,47.93302917480469,INR
2021-11-16 00:00:00+05:30,48.59999847412109,49.20000076293945,48.0,48.29999923706055,2668425,47.98270034790039,INR
2021-11-17 00:00:00+05:30,48.400001525878906,48.79999923706055,47.84999847412109,48.09999847412109,2016045,47.78401184082031,INR
2021-11-18 00:00:00+05:30,48.25,48.59999847412109,45.34999847412109,46.84999847412109,6629967,46.5422248840332,INR
2021-11-22 00:00:00+05:30,47.25,47.45000076293945,45.150001525878906,46.0,4347338,45.69780731201172,INR
2021-11-23 00:00:00+05:30,45.400001525878906,47.09999847412109,45.29999923706055,46.75,3803539,46.44288635253906,INR
2021-11-24 00:00:00+05:30,46.59999847412109,47.75,46.400001525878906,47.400001525878906,4828621,47.08861541748047,INR
2021-11-25 00:00:00+05:30,47.59999847412109,47.75,47.20000076293945,47.400001525878906,2126535,47.08861541748047,INR
2021-11-26 00:00:00+05:30,46.900001525878906,47.75,46.04999923706055,46.400001525878906,3920330,46.09518051147461,INR
2021-11-29 00:00:00+05:30,46.04999923706055,46.04999923706055,44.04999923706055,44.75,2756661,44.45602035522461,INR
2021-11-30 00:00:00+05:30,44.95000076293945,45.84999847412109,44.0,44.34999847412109,2283800,44.05864715576172,INR
2021-12-01 00:00:00+05:30,44.59999847412109,45.20000076293945,44.25,44.45000076293945,1866520,44.15799331665039,INR
2021-12-02 00:00:00+05:30,44.5,45.45000076293945,44.5,45.25,2606428,44.952735900878906,INR
2021-12-03 00:00:00+05:30,45.45000076293945,46.45000076293945,45.34999847412109,45.650001525878906,3033250,45.35011291503906,INR
2021-12-06 00:00:00+05:30,45.70000076293945,46.09999847412109,45.09999847412109,45.54999923706055,3198586,45.25076675415039,INR
2021-12-07 00:00:00+05:30,45.95000076293945,46.45000076293945,45.54999923706055,46.04999923706055,2520111,45.74748229980469,INR
2021-12-08 00:00:00+05:30,46.45000076293945,47.45000076293945,46.34999847412109,46.59999847412109,3747050,46.29386520385742,INR
2021-12-09 00:00:00+05:30,46.79999923706055,47.0,45.900001525878906,46.54999923706055,3110098,46.24419403076172,INR
2021-12-10 00:00:00+05:30,46.59999847412109,47.0,46.09999847412109,46.45000076293945,3742243,46.14485549926758,INR
2021-12-13 00:00:00+05:30,46.79999923706055,47.70000076293945,46.400001525878906,46.650001525878906,2687159,46.343544006347656,INR
2021-12-14 00:00:00+05:30,46.34999847412109,46.79999923706055,45.79999923706055,45.900001525878906,2183957,45.59846878051758,INR
2021-12-15 00:00:00+05:30,45.900001525878906,46.29999923706055,45.650001525878906,45.84999847412109,1487812,45.54879760742188,INR
2021-12-16 00:00:00+05:30,46.0,46.29999923706055,44.54999923706055,44.900001525878906,2687697,44.60503768920898,INR
2021-12-17 00:00:00+05:30,44.900001525878906,45.04999923706055,43.650001525878906,43.900001525878906,2316072,43.61160659790039,INR
2021-12-20 00:00:00+05:30,43.59999847412109,43.59999847412109,41.54999923706055,42.150001525878906,3159324,41.87310409545898,INR
2021-12-21 00:00:00+05:30,42.5,43.900001525878906,42.45000076293945,42.59999847412109,1847596,42.32014465332031,INR
2021-12-22 00:00:00+05:30,42.650001525878906,43.5,42.650001525878906,43.20000076293945,1315559,42.91620635986328,INR
2021-12-23 00:00:00+05:30,43.59999847412109,44.25,43.25,43.5,1816342,43.2142333984375,INR
2021-12-24 00:00:00+05:30,43.75,43.75,42.5,42.95000076293945,1599598,42.667850494384766,INR
2021-12-27 00:00:00+05:30,42.95000076293945,43.20000076293945,42.34999847412109,42.650001525878906,1377842,42.36981964111328,INR
2021-12-28 00:00:00+05:30,43.0,44.29999923706055,42.95000076293945,43.84999847412109,2662895,43.56193542480469,INR
2021-12-29 00:00:00+05:30,44.0,44.54999923706055,43.0,43.70000076293945,2018052,43.41291809082031,INR
2021-12-30 00:00:00+05:30,43.59999847412109,45.5,43.34999847412109,44.900001525878906,4938151,44.60503768920898,INR
2021-12-31 00:00:00+05:30,45.20000076293945,45.59999847412109,45.04999923706055,45.150001525878906,2497241,44.853397369384766,INR
2022-01-03 00:00:00+05:30,45.95000076293945,45.95000076293945,45.34999847412109,45.5,1893186,45.20109558105469,INR
2022-01-04 00:00:00+05:30,45.70000076293945,45.79999923706055,44.75,44.84999847412109,3146811,44.555362701416016,INR
2022-01-05 00:00:00+05:30,44.79999923706055,45.29999923706055,44.54999923706055,45.0,2918015,44.704383850097656,INR
2022-01-06 00:00:00+05:30,44.5,47.34999847412109,44.5,46.70000076293945,6848377,46.393211364746094,INR
2022-01-07 00:00:00+05:30,47.04999923706055,48.34999847412109,47.0,47.150001525878906,5276515,46.84025955200195,INR
2022-01-10 00:00:00+05:30,47.54999923706055,52.09999847412109,47.400001525878906,50.79999923706055,17568508,50.46627426147461,INR
2022-01-11 00:00:00+05:30,51.45000076293945,51.70000076293945,49.84999847412109,50.400001525878906,9418862,50.06890487670898,INR
2022-01-12 00:00:00+05:30,50.95000076293945,51.900001525878906,49.09999847412109,51.5,8738690,51.16167449951172,INR
2022-01-13 00:00:00+05:30,51.70000076293945,53.59999847412109,50.5,53.25,11490987,52.90018081665039,INR
2022-01-14 00:00:00+05:30,52.75,54.400001525878906,52.54999923706055,53.400001525878906,8179348,53.049198150634766,INR
2022-01-17 00:00:00+05:30,53.59999847412109,57.29999923706055,52.650001525878906,56.54999923706055,21284771,56.17850112915039,INR
2022-01-18 00:00:00+05:30,57.25,58.20000076293945,54.20000076293945,55.0,22366922,54.63868713378906,INR
2022-01-19 00:00:00+05:30,55.29999923706055,60.59999847412109,54.150001525878906,59.150001525878906,29141892,58.76142120361328,INR
2022-01-20 00:00:00+05:30,59.900001525878906,65.4000015258789,59.400001525878906,62.04999923706055,67337646,61.64236831665039,INR
2022-01-21 00:00:00+05:30,60.900001525878906,63.54999923706055,57.650001525878906,59.29999923706055,30444105,58.910438537597656,INR
2022-01-24 00:00:00+05:30,59.29999923706055,61.5,54.59999847412109,55.45000076293945,21836341,55.085731506347656,INR
2022-01-25 00:00:00+05:30,54.20000076293945,57.650001525878906,52.70000076293945,56.79999923706055,13577358,56.42686462402344,INR
2022-01-27 00:00:00+05:30,55.900001525878906,60.650001525878906,55.29999923706055,58.5,18961060,58.11569213867188,INR
2022-01-28 00:00:00+05:30,59.0,61.0,56.70000076293945,57.25,11669096,56.873905181884766,INR
2022-01-31 00:00:00+05:30,58.09999847412109,59.09999847412109,55.900001525878906,56.25,7160361,55.88047409057617,INR
2022-02-01 00:00:00+05:30,56.75,58.20000076293945,55.25,56.79999923706055,8574965,56.42686462402344,INR
2022-02-02 00:00:00+05:30,57.0,58.34999847412109,56.900001525878906,57.650001525878906,5505659,57.27128219604492,INR
2022-02-03 00:00:00+05:30,58.09999847412109,67.6500015258789,57.84999847412109,66.19999694824219,96204750,65.76510620117188,INR
2022-02-04 00:00:00+05:30,65.4000015258789,65.9000015258789,63.150001525878906,63.650001525878906,34084363,63.23186492919922,INR
2022-02-07 00:00:00+05:30,63.29999923706055,69.0999984741211,62.900001525878906,66.80000305175781,39322975,66.36116790771484,INR
2022-02-08 00:00:00+05:30,67.19999694824219,68.4000015258789,63.29999923706055,63.95000076293945,15248231,63.52989196777344,INR
2022-02-09 00:00:00+05:30,64.44999694824219,65.30000305175781,61.79999923706055,64.5999984741211,11584712,64.17561340332031,INR
2022-02-10 00:00:00+05:30,64.80000305175781,66.69999694824219,63.09999847412109,64.9000015258789,12376952,64.4736557006836,INR
2022-02-11 00:00:00+05:30,63.5,64.9000015258789,61.25,61.84999847412109,6964585,61.44368743896485,INR
2022-02-14 00:00:00+05:30,59.900001525878906,59.900001525878906,55.20000076293945,55.84999847412109,12421681,55.48310089111328,INR
2022-02-15 00:00:00+05:30,56.0,58.400001525878906,53.75,57.75,12543778,57.37062454223633,INR
2022-02-16 00:00:00+05:30,58.29999923706055,59.900001525878906,57.20000076293945,57.650001525878906,8024606,57.27128219604492,INR
2022-02-17 00:00:00+05:30,58.29999923706055,58.70000076293945,56.54999923706055,56.70000076293945,4568492,56.32752227783203,INR
2022-02-18 00:00:00+05:30,56.5,57.25,55.34999847412109,55.59999847412109,3867085,55.2347412109375,INR
2022-02-21 00:00:00+05:30,55.5,56.0,53.84999847412109,55.0,7470503,54.63868713378906,INR
2022-02-22 00:00:00+05:30,52.09999847412109,54.04999923706055,52.0,53.34999847412109,9442152,52.99952697753906,INR
2022-02-23 00:00:00+05:30,54.0,55.650001525878906,53.95000076293945,54.84999847412109,5045828,54.48966979980469,INR
2022-02-24 00:00:00+05:30,51.0,53.95000076293945,50.79999923706055,52.04999923706055,15943999,51.70806121826172,INR
2022-02-25 00:00:00+05:30,54.34999847412109,55.79999923706055,54.0,54.150001525878906,5814191,53.79426956176758,INR
2022-02-28 00:00:00+05:30,53.70000076293945,55.29999923706055,52.09999847412109,54.79999923706055,4924779,54.43999862670898,INR
2022-03-02 00:00:00+05:30,54.29999923706055,58.20000076293945,54.0,57.25,8622358,56.873905181884766,INR
2022-03-03 00:00:00+05:30,57.79999923706055,58.95000076293945,56.25,57.09999847412109,5460128,56.724891662597656,INR
2022-03-04 00:00:00+05:30,56.650001525878906,57.54999923706055,55.54999923706055,56.04999923706055,5453008,55.68178939819336,INR
2022-03-07 00:00:00+05:30,55.400001525878906,55.400001525878906,53.25,54.0,4107443,53.6452522277832,INR
2022-03-08 00:00:00+05:30,54.54999923706055,55.900001525878906,53.900001525878906,55.09999847412109,5119757,54.73802947998047,INR
2022-03-09 00:00:00+05:30,55.650001525878906,57.70000076293945,55.34999847412109,57.04999923706055,6096070,56.67521667480469,INR
2022-03-10 00:00:00+05:30,59.0,59.70000076293945,57.150001525878906,57.59999847412109,7811795,57.22160720825195,INR
2022-03-11 00:00:00+05:30,57.5,58.400001525878906,57.0,57.5,3200468,57.12226104736328,INR
2022-03-14 00:00:00+05:30,57.79999923706055,58.20000076293945,56.5,56.900001525878906,3467374,56.52620697021485,INR
2022-03-15 00:00:00+05:30,57.0,62.59999847412109,57.0,61.09999847412109,25649100,60.6986083984375,INR
2022-03-16 00:00:00+05:30,62.04999923706055,63.29999923706055,60.650001525878906,61.29999923706055,7885274,60.89730453491211,INR
2022-03-17 00:00:00+05:30,62.25,62.5,59.54999923706055,60.25,6295556,59.85419845581055,INR
2022-03-21 00:00:00+05:30,60.59999847412109,64.5999984741211,59.70000076293945,63.75,17836684,63.33120346069336,INR
2022-03-22 00:00:00+05:30,63.95000076293945,65.80000305175781,63.150001525878906,63.5,10997819,63.08284759521485,INR
2022-03-23 00:00:00+05:30,64.0,64.80000305175781,62.04999923706055,62.400001525878906,5528653,61.99007415771485,INR
2022-03-24 00:00:00+05:30,62.29999923706055,65.0,62.0,63.650001525878906,7723802,63.23186492919922,INR
2022-03-25 00:00:00+05:30,64.0999984741211,66.1500015258789,63.29999923706055,64.3499984741211,9774334,63.9272575378418,INR
2022-03-28 00:00:00+05:30,64.5999984741211,65.0,61.54999923706055,62.59999847412109,5508261,62.188758850097656,INR
2022-03-29 00:00:00+05:30,63.150001525878906,71.80000305175781,62.75,70.69999694824219,45690411,70.23554992675781,INR
2022-03-30 00:00:00+05:30,71.30000305175781,76.80000305175781,69.69999694824219,73.19999694824219,47194359,72.7191162109375,INR
2022-03-31 00:00:00+05:30,73.5999984741211,75.4000015258789,72.5,74.30000305175781,16568020,73.81190490722656,INR
2022-04-01 00:00:00+05:30,74.30000305175781,78.5,73.5,77.0999984741211,21046489,76.593505859375,INR
2022-04-04 00:00:00+05:30,78.5,83.4000015258789,78.05000305175781,82.5999984741211,27764957,82.057373046875,INR
2022-04-05 00:00:00+05:30,83.0,85.5,80.25,81.55000305175781,20352597,81.01427459716797,INR
2022-04-06 00:00:00+05:30,81.0,82.80000305175781,80.4000015258789,81.19999694824219,6030545,80.66657257080078,INR
2022-04-07 00:00:00+05:30,81.30000305175781,82.8499984741211,78.25,78.80000305175781,8767129,78.28234100341797,INR
2022-04-08 00:00:00+05:30,79.25,81.0,77.25,79.5,6494684,78.97773742675781,INR
2022-04-11 00:00:00+05:30,79.30000305175781,81.0,78.4000015258789,78.69999694824219,3619671,78.18299102783203,INR
2022-04-12 00:00:00+05:30,78.5,79.0,75.0,76.30000305175781,4688460,75.79875946044922,INR
2022-04-13 00:00:00+05:30,76.6500015258789,81.5,76.6500015258789,78.9000015258789,7540719,78.38167572021484,INR
2022-04-18 00:00:00+05:30,78.69999694824219,78.69999694824219,75.19999694824219,76.5,7452201,75.9974365234375,INR
2022-04-19 00:00:00+05:30,77.30000305175781,80.30000305175781,73.55000305175781,75.19999694824219,9831170,74.70598602294922,INR
2022-04-20 00:00:00+05:30,75.9000015258789,77.55000305175781,74.25,74.9000015258789,6966383,74.40796661376953,INR
2022-04-21 00:00:00+05:30,75.9000015258789,77.80000305175781,75.55000305175781,76.5,4759913,75.9974365234375,INR
2022-04-22 00:00:00+05:30,75.9000015258789,79.0999984741211,75.5,76.1500015258789,6253259,75.64974975585938,INR
2022-04-25 00:00:00+05:30,75.75,77.25,73.8499984741211,74.5,6056071,74.01058197021484,INR
2022-04-26 00:00:00+05:30,75.80000305175781,76.80000305175781,74.0,74.69999694824219,4038181,74.20925903320312,INR
2022-04-27 00:00:00+05:30,74.5,75.4000015258789,72.5,73.44999694824219,5414631,72.96748352050781,INR
2022-04-28 00:00:00+05:30,73.55000305175781,74.80000305175781,70.1500015258789,70.75,5806082,70.28521728515625,INR
2022-04-29 00:00:00+05:30,71.44999694824219,72.8499984741211,68.5,69.30000305175781,3967746,68.8447494506836,INR
2022-05-02 00:00:00+05:30,68.5,72.25,68.0,71.4000015258789,6573240,70.93095397949219,INR
2022-05-04 00:00:00+05:30,72.25,73.4000015258789,67.05000305175781,67.8499984741211,8096644,67.4042739868164,INR
2022-05-05 00:00:00+05:30,68.5999984741211,73.75,67.80000305175781,71.4000015258789,13626152,70.93095397949219,INR
2022-05-06 00:00:00+05:30,69.69999694824219,70.0,67.55000305175781,68.0999984741211,8258354,67.65262603759766,INR
2022-05-09 00:00:00+05:30,67.80000305175781,67.80000305175781,62.0,62.400001525878906,10735611,61.99007415771485,INR
2022-05-10 00:00:00+05:30,62.70000076293945,64.1500015258789,58.59999847412109,59.34999847412109,6983701,58.96010971069336,INR
2022-05-11 00:00:00+05:30,59.650001525878906,61.900001525878906,56.09999847412109,61.20000076293945,12423860,60.79795455932617,INR
2022-05-12 00:00:00+05:30,60.0,60.54999923706055,57.59999847412109,59.0,7645099,58.61240768432617,INR
2022-05-13 00:00:00+05:30,60.54999923706055,63.900001525878906,59.400001525878906,60.400001525878906,9204912,60.003211975097656,INR
2022-05-16 00:00:00+05:30,60.900001525878906,63.84999847412109,60.400001525878906,63.09999847412109,6401186,62.68547439575195,INR
2022-05-17 00:00:00+05:30,63.5,66.1500015258789,63.0,65.80000305175781,6832416,65.36774444580078,INR
2022-05-18 00:00:00+05:30,66.0,67.5999984741211,63.79999923706055,64.5999984741211,6711237,64.17561340332031,INR
2022-05-19 00:00:00+05:30,62.650001525878906,63.20000076293945,61.54999923706055,62.25,3906275,61.84106063842773,INR
2022-05-20 00:00:00+05:30,63.34999847412109,65.4000015258789,63.04999923706055,64.55000305175781,4671825,64.1259536743164,INR
2022-05-23 00:00:00+05:30,64.9000015258789,69.0999984741211,63.150001525878906,67.05000305175781,10219833,66.60953521728516,INR
2022-05-24 00:00:00+05:30,67.69999694824219,68.0,63.900001525878906,64.44999694824219,4978042,64.02660369873047,INR
2022-05-25 00:00:00+05:30,64.5999984741211,65.4000015258789,59.84999847412109,60.29999923706055,4933586,59.90386581420898,INR
2022-05-26 00:00:00+05:30,60.900001525878906,62.900001525878906,57.54999923706055,62.09999847412109,7916260,61.69204330444336,INR
2022-05-27 00:00:00+05:30,63.20000076293945,65.55000305175781,61.70000076293945,65.0,8442545,64.572998046875,INR
2022-05-30 00:00:00+05:30,65.80000305175781,68.4000015258789,65.5999984741211,67.9000015258789,5667461,67.45394134521484,INR
2022-05-31 00:00:00+05:30,67.80000305175781,68.5999984741211,66.55000305175781,67.05000305175781,4448848,66.60953521728516,INR
2022-06-01 00:00:00+05:30,67.0999984741211,69.25,66.69999694824219,68.5,5167332,68.05000305175781,INR
2022-06-02 00:00:00+05:30,68.5,72.6500015258789,68.05000305175781,72.0999984741211,14423617,71.62635040283203,INR
2022-06-03 00:00:00+05:30,72.80000305175781,73.4000015258789,68.05000305175781,68.69999694824219,8729733,68.2486801147461,INR
2022-06-06 00:00:00+05:30,69.0,69.0,66.19999694824219,68.1500015258789,4834156,67.70230102539062,INR
2022-06-07 00:00:00+05:30,67.80000305175781,70.94999694824219,67.05000305175781,70.30000305175781,7503685,69.83818054199219,INR
2022-06-08 00:00:00+05:30,70.80000305175781,70.80000305175781,68.5,69.0999984741211,4164276,68.64606475830078,INR
2022-06-09 00:00:00+05:30,68.3499984741211,69.19999694824219,67.6500015258789,68.3499984741211,3214647,67.9009780883789,INR
2022-06-10 00:00:00+05:30,66.8499984741211,69.80000305175781,66.69999694824219,69.4000015258789,4974401,68.944091796875,INR
2022-06-13 00:00:00+05:30,67.4000015258789,67.4000015258789,64.05000305175781,64.55000305175781,4651272,64.1259536743164,INR
2022-06-14 00:00:00+05:30,64.0999984741211,66.3499984741211,64.0999984741211,65.5,3503202,65.0697021484375,INR
2022-06-15 00:00:00+05:30,65.94999694824219,66.44999694824219,62.900001525878906,63.29999923706055,3260820,62.884159088134766,INR
2022-06-16 00:00:00+05:30,64.5,65.05000305175781,58.54999923706055,59.70000076293945,6461997,59.30781173706055,INR
2022-06-17 00:00:00+05:30,59.79999923706055,60.400001525878906,58.20000076293945,59.09999847412109,4419946,58.71175384521485,INR
2022-06-20 00:00:00+05:30,59.29999923706055,59.59999847412109,55.400001525878906,57.54999923706055,8583170,57.17193222045898,INR
2022-06-21 00:00:00+05:30,57.900001525878906,60.29999923706055,57.70000076293945,59.95000076293945,3688552,59.55616760253906,INR
2022-06-22 00:00:00+05:30,59.29999923706055,62.20000076293945,58.650001525878906,59.59999847412109,4849352,59.20846557617188,INR
2022-06-23 00:00:00+05:30,59.900001525878906,61.150001525878906,58.79999923706055,59.45000076293945,2842744,59.059452056884766,INR
2022-06-24 00:00:00+05:30,60.34999847412109,60.70000076293945,58.900001525878906,59.5,3639709,59.10912322998047,INR
2022-06-27 00:00:00+05:30,61.400001525878906,61.59999847412109,59.84999847412109,60.20000076293945,2866933,59.80452728271485,INR
2022-06-28 00:00:00+05:30,60.04999923706055,61.20000076293945,59.54999923706055,60.79999923706055,2506311,60.40058135986328,INR
2022-06-29 00:00:00+05:30,60.09999847412109,61.09999847412109,59.59999847412109,59.95000076293945,1952433,59.55616760253906,INR
2022-06-30 00:00:00+05:30,59.84999847412109,61.0,58.75,59.650001525878906,2607537,59.25814056396485,INR
2022-07-01 00:00:00+05:30,59.400001525878906,60.400001525878906,58.70000076293945,60.04999923706055,2275795,59.65551376342773,INR
2022-07-04 00:00:00+05:30,60.04999923706055,62.09999847412109,59.70000076293945,61.400001525878906,3201694,60.99664688110352,INR
2022-07-05 00:00:00+05:30,61.900001525878906,64.9000015258789,61.09999847412109,63.29999923706055,6476050,62.884159088134766,INR
2022-07-06 00:00:00+05:30,63.75,74.75,63.5,73.3499984741211,37859213,72.8681411743164,INR
2022-07-07 00:00:00+05:30,73.0,76.5999984741211,68.80000305175781,75.5,37293821,75.00401306152344,INR
2022-07-08 00:00:00+05:30,75.9000015258789,84.5,75.5,82.55000305175781,68138427,82.00769805908203,INR
2022-07-11 00:00:00+05:30,80.94999694824219,93.1999969482422,78.6500015258789,91.1999969482422,95936484,90.60086822509766,INR
2022-07-12 00:00:00+05:30,89.5,93.1999969482422,87.8499984741211,89.75,20529218,89.160400390625,INR
2022-07-13 00:00:00+05:30,90.75,92.1999969482422,89.19999694824219,90.0,9052470,89.40876770019531,INR
2022-07-14 00:00:00+05:30,90.0,90.5999984741211,86.75,88.69999694824219,10379240,88.11729431152344,INR
2022-07-15 00:00:00+05:30,87.94999694824219,89.1500015258789,82.5,85.6500015258789,10040001,85.08734130859375,INR
2022-07-18 00:00:00+05:30,86.0999984741211,87.3499984741211,84.5999984741211,85.0999984741211,4324085,84.54095458984375,INR
2022-07-19 00:00:00+05:30,84.69999694824219,86.19999694824219,84.25,85.30000305175781,3178984,84.73963928222656,INR
2022-07-20 00:00:00+05:30,85.75,86.75,84.19999694824219,84.94999694824219,4173799,84.39193725585938,INR
2022-07-21 00:00:00+05:30,85.0,87.0,84.5999984741211,85.19999694824219,4579363,84.64028930664062,INR
2022-07-22 00:00:00+05:30,84.0,89.3499984741211,82.94999694824219,84.9000015258789,7755910,84.34225463867188,INR
2022-07-25 00:00:00+05:30,84.5999984741211,86.1500015258789,84.0,84.3499984741211,2590349,83.7958755493164,INR
2022-07-26 00:00:00+05:30,85.19999694824219,86.0,82.0,82.6500015258789,3105173,82.10704803466797,INR
2022-07-27 00:00:00+05:30,82.8499984741211,83.69999694824219,79.30000305175781,82.3499984741211,3346962,81.80901336669922,INR
2022-07-28 00:00:00+05:30,82.5999984741211,83.69999694824219,81.25,81.9000015258789,2196063,81.36197662353516,INR
2022-07-29 00:00:00+05:30,82.05000305175781,83.55000305175781,80.0999984741211,81.30000305175781,2514765,80.76590728759766,INR
2022-08-01 00:00:00+05:30,81.25,87.94999694824219,80.4000015258789,86.5999984741211,10119382,86.03109741210938,INR
2022-08-02 00:00:00+05:30,86.94999694824219,89.5,86.05000305175781,87.94999694824219,9021945,87.37223052978516,INR
2022-08-03 00:00:00+05:30,88.30000305175781,89.30000305175781,86.25,87.8499984741211,4897858,87.27288818359375,INR
2022-08-04 00:00:00+05:30,88.19999694824219,89.0,86.0,87.69999694824219,4735980,87.12387084960938,INR
2022-08-05 00:00:00+05:30,88.5,98.0,88.1500015258789,93.6500015258789,45474178,93.03478240966795,INR
2022-08-08 00:00:00+05:30,94.1500015258789,96.1999969482422,91.1500015258789,92.1500015258789,9279753,91.5446319580078,INR
2022-08-10 00:00:00+05:30,92.75,96.5,90.8000030517578,95.1500015258789,15936518,94.5249252319336,INR
2022-08-11 00:00:00+05:30,96.0,97.4499969482422,94.0500030517578,94.6999969482422,10774410,94.077880859375,INR
2022-08-12 00:00:00+05:30,98.4000015258789,99.0,93.8000030517578,95.5,15249628,94.87262725830078,INR
2022-08-16 00:00:00+05:30,96.4499969482422,102.5,95.6999969482422,100.9000015258789,18852736,100.2371597290039,INR
2022-08-17 00:00:00+05:30,101.4499969482422,102.0,98.6999969482422,100.4000015258789,9904951,99.74044036865234,INR
2022-08-18 00:00:00+05:30,100.3000030517578,104.5,99.9000015258789,102.0500030517578,9486517,101.37960052490234,INR
2022-08-19 00:00:00+05:30,102.0500030517578,102.5999984741211,99.0500030517578,100.3000030517578,6166384,99.64109802246094,INR
2022-08-22 00:00:00+05:30,100.0,100.3000030517578,97.0,97.3499984741211,4952431,96.7104721069336,INR
2022-08-23 00:00:00+05:30,96.1999969482422,99.8000030517578,96.0,97.0500030517578,6466767,96.4124526977539,INR
2022-08-24 00:00:00+05:30,97.5999984741211,98.6500015258789,96.4000015258789,96.75,4023691,96.11441802978516,INR
2022-08-25 00:00:00+05:30,97.75,98.1999969482422,94.8000030517578,95.25,3770720,94.624267578125,INR
2022-08-26 00:00:00+05:30,95.9499969482422,98.1500015258789,94.5,96.1999969482422,5392486,95.56802368164062,INR
2022-08-29 00:00:00+05:30,92.4000015258789,98.3000030517578,92.0,96.6999969482422,5345957,96.0647430419922,INR
2022-08-30 00:00:00+05:30,97.8499984741211,100.9499969482422,97.5,98.8499984741211,6709584,98.20062255859376,INR
2022-09-01 00:00:00+05:30,98.5999984741211,101.0,97.8000030517578,99.6999969482422,5168716,99.04502868652344,INR
2022-09-02 00:00:00+05:30,100.5500030517578,103.5,98.6500015258789,99.25,9543517,98.59798431396484,INR
2022-09-05 00:00:00+05:30,99.75,105.8000030517578,98.6999969482422,103.6500015258789,15010097,102.96907806396484,INR
2022-09-06 00:00:00+05:30,104.0,104.8499984741211,100.8000030517578,101.5500030517578,5517118,100.88288116455078,INR
2022-09-07 00:00:00+05:30,101.0,101.9000015258789,99.1999969482422,100.0,4468097,99.34307098388672,INR
2022-09-08 00:00:00+05:30,100.6999969482422,103.3499984741211,100.6999969482422,101.25,4139863,100.5848617553711,INR
2022-09-09 00:00:00+05:30,102.0,102.25,99.0,99.75,3529836,99.09471130371094,INR
2022-09-12 00:00:00+05:30,100.25,101.6999969482422,98.0999984741211,99.25,3617112,98.59798431396484,INR
2022-09-13 00:00:00+05:30,99.9000015258789,105.0,99.6999969482422,101.3499984741211,8389815,100.68419647216795,INR
2022-09-14 00:00:00+05:30,100.0999984741211,106.0,99.6999969482422,104.8499984741211,10855691,104.16120910644533,INR
2022-09-15 00:00:00+05:30,105.6500015258789,107.1999969482422,103.25,103.9499969482422,8214962,103.2671127319336,INR
2022-09-16 00:00:00+05:30,103.6999969482422,105.3000030517578,99.4000015258789,101.5500030517578,7379181,100.88288116455078,INR
2022-09-19 00:00:00+05:30,101.8000030517578,103.9499969482422,99.8000030517578,103.0,4775822,102.32334899902344,INR
2022-09-20 00:00:00+05:30,103.9499969482422,108.4499969482422,103.1999969482422,103.8000030517578,8615522,103.31871795654295,INR
2022-09-21 00:00:00+05:30,104.3499984741211,105.1500015258789,102.0,103.4000015258789,4234284,102.92057800292967,INR
2022-09-22 00:00:00+05:30,102.9000015258789,108.8499984741211,102.5999984741211,107.4499969482422,11229188,106.95179748535156,INR
2022-09-23 00:00:00+05:30,108.1999969482422,108.8000030517578,102.8499984741211,103.25,6363471,102.77127075195312,INR
2022-09-26 00:00:00+05:30,101.4499969482422,101.75,96.3000030517578,98.8000030517578,8655986,98.34190368652344,INR
2022-09-27 00:00:00+05:30,99.4000015258789,100.8000030517578,97.8499984741211,98.9000015258789,4308927,98.44143676757812,INR
2022-09-28 00:00:00+05:30,97.5999984741211,100.0500030517578,97.0500030517578,97.5999984741211,3509425,97.14746856689452,INR
2022-09-29 00:00:00+05:30,98.5500030517578,100.0999984741211,96.8000030517578,97.6999969482422,3125054,97.24700927734376,INR
2022-09-30 00:00:00+05:30,98.0,101.0,96.8000030517578,99.4499969482422,3772099,98.98888397216795,INR
2022-10-03 00:00:00+05:30,99.5,100.4000015258789,96.6500015258789,97.1500015258789,3127364,96.69955444335938,INR
2022-10-04 00:00:00+05:30,98.6500015258789,100.3000030517578,97.9499969482422,99.5,4722173,99.03865814208984,INR
2022-10-06 00:00:00+05:30,100.0999984741211,103.5,100.0,102.5500030517578,5167281,102.07452392578124,INR
2022-10-07 00:00:00+05:30,101.9000015258789,108.8499984741211,101.5999984741211,107.5,13236812,107.00155639648438,INR
2022-10-10 00:00:00+05:30,105.3000030517578,106.8499984741211,103.5,105.3000030517578,5964440,104.81177520751952,INR
2022-10-11 00:00:00+05:30,105.5,106.9000015258789,102.0,102.25,4825052,101.77590942382812,INR
2022-10-12 00:00:00+05:30,102.8499984741211,103.4499969482422,96.5500030517578,100.6500015258789,6270409,100.1833267211914,INR
2022-10-13 00:00:00+05:30,100.6500015258789,101.5,99.25,100.5500030517578,3601200,100.08379364013672,INR
2022-10-14 00:00:00+05:30,102.3499984741211,103.25,100.3000030517578,102.0,3965323,101.52706909179688,INR
2022-10-17 00:00:00+05:30,102.1999969482422,102.6500015258789,99.6500015258789,101.0500030517578,2472655,100.58146667480467,INR
2022-10-18 00:00:00+05:30,101.9000015258789,104.4000015258789,101.1500015258789,103.6999969482422,4729045,103.21918487548828,INR
2022-10-19 00:00:00+05:30,104.3000030517578,106.5,103.0999984741211,103.9000015258789,4617835,103.4182586669922,INR
2022-10-20 00:00:00+05:30,103.9499969482422,104.25,102.0,102.9000015258789,2591289,102.4228973388672,INR
2022-10-21 00:00:00+05:30,103.5,104.0,100.0,101.0,3243314,100.53170776367188,INR
2022-10-24 00:00:00+05:30,101.9000015258789,103.75,101.5500030517578,103.5,1947908,103.0201187133789,INR
2022-10-25 00:00:00+05:30,103.6999969482422,103.9000015258789,101.3000030517578,101.75,1589944,101.27822875976562,INR
2022-10-27 00:00:00+05:30,102.3000030517578,104.75,102.0,102.8000030517578,2261255,102.32335662841795,INR
2022-10-28 00:00:00+05:30,103.25,105.9499969482422,102.25,103.4499969482422,4689258,102.9703369140625,INR
2022-10-31 00:00:00+05:30,105.0,105.3000030517578,100.25,103.8000030517578,6373773,103.31871795654295,INR
2022-11-01 00:00:00+05:30,104.3000030517578,105.9499969482422,102.0999984741211,103.0999984741211,3565049,102.62196350097656,INR
2022-11-02 00:00:00+05:30,103.0999984741211,103.3499984741211,100.8000030517578,101.4000015258789,1854366,100.92985534667967,INR
2022-11-03 00:00:00+05:30,100.8499984741211,103.5999984741211,100.3000030517578,102.6500015258789,2709606,102.1740493774414,INR
2022-11-04 00:00:00+05:30,103.25,103.3000030517578,101.0999984741211,101.3499984741211,1764130,100.8800811767578,INR
2022-11-07 00:00:00+05:30,102.0,102.4000015258789,99.5500030517578,100.0,2317690,99.53634643554688,INR
2022-11-09 00:00:00+05:30,100.5,100.5,97.3000030517578,98.8499984741211,4699108,98.39167785644533,INR
2022-11-10 00:00:00+05:30,98.3499984741211,99.6500015258789,97.5500030517578,97.9000015258789,3598844,97.44607543945312,INR
2022-11-11 00:00:00+05:30,98.9499969482422,98.9499969482422,95.6500015258789,96.1999969482422,2774415,95.7539520263672,INR
2022-11-14 00:00:00+05:30,96.1500015258789,96.5500030517578,94.0999984741211,95.3000030517578,2432808,94.85813903808594,INR
2022-11-15 00:00:00+05:30,95.8000030517578,99.4000015258789,95.3000030517578,98.5,3112979,98.04329681396484,INR
2022-11-16 00:00:00+05:30,98.5,100.6500015258789,96.6999969482422,100.1999969482422,3843886,99.73541259765624,INR
2022-11-17 00:00:00+05:30,99.8000030517578,104.5,99.75,102.1999969482422,8441148,101.72614288330078,INR
2022-11-18 00:00:00+05:30,102.75,103.9000015258789,101.75,102.3499984741211,4205224,101.8754425048828,INR
2022-11-21 00:00:00+05:30,102.3499984741211,102.3499984741211,97.6999969482422,98.1999969482422,2585620,97.74468231201172,INR
2022-11-22 00:00:00+05:30,98.6999969482422,99.1500015258789,97.0500030517578,98.3499984741211,2645158,97.89398956298828,INR
2022-11-23 00:00:00+05:30,98.5500030517578,101.5,98.5,99.5999984741211,3008902,99.13819122314452,INR
2022-11-24 00:00:00+05:30,99.75,102.0999984741211,99.6999969482422,101.3499984741211,2839700,100.8800811767578,INR
2022-11-25 00:00:00+05:30,101.6500015258789,106.3000030517578,101.0,102.9000015258789,7091736,102.4228973388672,INR
2022-11-28 00:00:00+05:30,103.4000015258789,105.4499969482422,101.8499984741211,102.5,2615055,102.02474975585938,INR
2022-11-29 00:00:00+05:30,103.0,104.0500030517578,100.0999984741211,100.5,2320186,100.03401947021484,INR
2022-11-30 00:00:00+05:30,100.9000015258789,103.9000015258789,100.0999984741211,102.9499969482422,6287709,102.47266387939452,INR
2022-12-01 00:00:00+05:30,103.0,103.5,100.4000015258789,100.6999969482422,2113132,100.23308563232422,INR
2022-12-02 00:00:00+05:30,101.0,102.4499969482422,100.5999984741211,101.0999984741211,1725227,100.63124084472656,INR
2022-12-05 00:00:00+05:30,101.8000030517578,105.4000015258789,101.8000030517578,104.25,4963668,103.76663208007812,INR
2022-12-06 00:00:00+05:30,104.6999969482422,107.3000030517578,103.5500030517578,104.1500015258789,4492168,103.66710662841795,INR
2022-12-07 00:00:00+05:30,104.1500015258789,104.5,101.6500015258789,102.0,2001815,101.52706909179688,INR
2022-12-08 00:00:00+05:30,103.0,103.0500030517578,100.6999969482422,101.4499969482422,1769432,100.9796142578125,INR
2022-12-09 00:00:00+05:30,102.0,102.3499984741211,99.25,99.8000030517578,1840692,99.33727264404295,INR
2022-12-12 00:00:00+05:30,99.8000030517578,100.1500015258789,98.5,99.5,1459360,99.03865814208984,INR
2022-12-13 00:00:00+05:30,100.0,100.9000015258789,99.0,99.4000015258789,1299651,98.93912506103516,INR
2022-12-14 00:00:00+05:30,99.8000030517578,100.0500030517578,98.5,98.9499969482422,1793701,98.49120330810548,INR
2022-12-15 00:00:00+05:30,98.9499969482422,100.5500030517578,97.25,97.8000030517578,2550056,97.34654235839844,INR
2022-12-16 00:00:00+05:30,97.8000030517578,99.1999969482422,96.3000030517578,97.9499969482422,2267926,97.49584197998048,INR
2022-12-19 00:00:00+05:30,98.4499969482422,99.25,97.3000030517578,97.6999969482422,1308930,97.24700927734376,INR
2022-12-20 00:00:00+05:30,97.6500015258789,98.0,96.1999969482422,96.9000015258789,1250737,96.45072174072266,INR
2022-12-21 00:00:00+05:30,97.3499984741211,98.0,93.25,93.9499969482422,2492138,93.51438903808594,INR
2022-12-22 00:00:00+05:30,94.0,94.8499984741211,87.30000305175781,88.5,3975140,88.08966827392578,INR
2022-12-23 00:00:00+05:30,87.30000305175781,87.9000015258789,82.4000015258789,85.80000305175781,6052094,85.40218353271484,INR
2022-12-26 00:00:00+05:30,83.6500015258789,95.75,82.6500015258789,95.0500030517578,6364076,94.60929107666016,INR
2022-12-27 00:00:00+05:30,95.6999969482422,96.75,92.9499969482422,93.9499969482422,1837170,93.51438903808594,INR
2022-12-28 00:00:00+05:30,94.0,96.6999969482422,93.0,96.0999984741211,2331447,95.65442657470705,INR
2022-12-29 00:00:00+05:30,94.5999984741211,101.3000030517578,94.5999984741211,101.0,4838712,100.53170776367188,INR
2022-12-30 00:00:00+05:30,101.5500030517578,103.5,99.8000030517578,100.8000030517578,3702156,100.33263397216795,INR
2023-01-02 00:00:00+05:30,101.0,101.3000030517578,99.5,100.25,1369235,99.78517150878906,INR
2023-01-03 00:00:00+05:30,100.0,101.6999969482422,99.5,99.6999969482422,954107,99.23772430419922,INR
2023-01-04 00:00:00+05:30,100.0,100.1500015258789,97.3000030517578,97.8499984741211,1167478,97.39630889892578,INR
2023-01-05 00:00:00+05:30,98.1500015258789,98.5,96.0999984741211,97.3000030517578,1174086,96.84886169433594,INR
2023-01-06 00:00:00+05:30,97.6999969482422,98.4000015258789,93.9000015258789,95.9000015258789,1449000,95.45536041259766,INR
2023-01-09 00:00:00+05:30,96.75,98.5,95.0,95.6999969482422,1567631,95.25627136230467,INR
2023-01-10 00:00:00+05:30,95.9499969482422,97.4000015258789,94.6999969482422,95.5500030517578,1548557,95.1069793701172,INR
2023-01-11 00:00:00+05:30,95.6500015258789,96.4000015258789,94.4000015258789,95.1500015258789,859241,94.70883178710938,INR
2023-01-12 00:00:00+05:30,95.4000015258789,95.9000015258789,92.9000015258789,93.6500015258789,1344559,93.21578216552734,INR
2023-01-13 00:00:00+05:30,93.9499969482422,97.25,93.0,95.3000030517578,2056456,94.85813903808594,INR
2023-01-16 00:00:00+05:30,95.8000030517578,95.8000030517578,93.75,94.0999984741211,1017562,93.66368865966795,INR
2023-01-17 00:00:00+05:30,93.8000030517578,94.4000015258789,91.5999984741211,92.1500015258789,1944933,91.72274017333984,INR
2023-01-18 00:00:00+05:30,92.5999984741211,96.75,92.5999984741211,96.0,3010555,95.5548858642578,INR
2023-01-19 00:00:00+05:30,95.25,96.5,94.1999969482422,94.5999984741211,1170982,94.16136932373048,INR
2023-01-20 00:00:00+05:30,95.0,95.0999984741211,93.25,93.8499984741211,991448,93.41485595703124,INR
2023-01-23 00:00:00+05:30,94.3000030517578,94.6500015258789,93.1999969482422,93.3499984741211,608599,92.91717529296876,INR
2023-01-24 00:00:00+05:30,93.6500015258789,94.9000015258789,92.8499984741211,93.1999969482422,770106,92.7678680419922,INR
2023-01-25 00:00:00+05:30,92.75,93.1500015258789,89.55000305175781,90.0,1444163,89.58271026611328,INR
2023-01-27 00:00:00+05:30,93.0,93.4000015258789,86.5,90.9000015258789,2258062,90.4785385131836,INR
2023-01-30 00:00:00+05:30,90.9000015258789,92.6999969482422,88.69999694824219,90.05000305175781,1249410,89.63247680664062,INR
2023-01-31 00:00:00+05:30,90.5,94.0,89.5,92.5500030517578,1209129,92.12088775634766,INR
2023-02-01 00:00:00+05:30,93.3000030517578,93.8000030517578,87.94999694824219,89.55000305175781,1327884,89.13479614257812,INR
2023-02-02 00:00:00+05:30,89.0,91.3499984741211,88.5999984741211,89.19999694824219,814452,88.78641510009766,INR
2023-02-03 00:00:00+05:30,89.19999694824219,90.0999984741211,85.80000305175781,87.44999694824219,1455133,87.04452514648438,INR
2023-02-06 00:00:00+05:30,87.4000015258789,88.9000015258789,86.5999984741211,87.1500015258789,896966,86.74591827392578,INR
2023-02-07 00:00:00+05:30,87.44999694824219,89.5,87.19999694824219,87.6500015258789,1066822,87.24359893798828,INR
2023-02-08 00:00:00+05:30,87.69999694824219,89.44999694824219,87.69999694824219,89.19999694824219,937066,88.78641510009766,INR
2023-02-09 00:00:00+05:30,89.3499984741211,91.5999984741211,89.19999694824219,90.9000015258789,1114915,90.4785385131836,INR
2023-02-10 00:00:00+05:30,90.3499984741211,93.5,90.3000030517578,91.9499969482422,1248990,91.5236587524414,INR
2023-02-13 00:00:00+05:30,95.0,95.0,91.6999969482422,92.4000015258789,2285959,91.9715805053711,INR
2023-02-14 00:00:00+05:30,92.4000015258789,92.6500015258789,86.3499984741211,87.3499984741211,2468497,86.94499206542969,INR
2023-02-15 00:00:00+05:30,87.30000305175781,88.9000015258789,87.0,88.4000015258789,926770,87.99012756347656,INR
2023-02-16 00:00:00+05:30,88.30000305175781,91.4499969482422,88.25,90.75,1374071,90.32923126220705,INR
2023-02-17 00:00:00+05:30,90.6999969482422,91.6500015258789,89.3499984741211,90.3000030517578,1071093,89.88131713867188,INR
2023-02-20 00:00:00+05:30,90.3499984741211,90.75,88.80000305175781,89.05000305175781,635017,88.63711547851562,INR
2023-02-21 00:00:00+05:30,88.9000015258789,88.9000015258789,87.25,87.8499984741211,570385,87.44268035888672,INR
2023-02-22 00:00:00+05:30,87.25,87.55000305175781,85.1500015258789,85.5999984741211,902844,85.2031021118164,INR
2023-02-23 00:00:00+05:30,86.0999984741211,86.69999694824219,84.69999694824219,84.94999694824219,669380,84.55612182617188,INR
2023-02-24 00:00:00+05:30,85.25,86.5999984741211,83.6500015258789,84.3499984741211,947492,83.95890045166016,INR
2023-02-27 00:00:00+05:30,84.0999984741211,84.5,80.3499984741211,81.0,1799997,80.62443542480469,INR
2023-02-28 00:00:00+05:30,81.0,84.75,80.19999694824219,83.5,1460625,83.11284637451172,INR
2023-03-01 00:00:00+05:30,83.80000305175781,89.0,83.55000305175781,88.4000015258789,2288356,87.99012756347656,INR
2023-03-02 00:00:00+05:30,87.75,88.6500015258789,86.30000305175781,86.80000305175781,973450,86.39754486083984,INR
2023-03-03 00:00:00+05:30,87.30000305175781,88.5999984741211,86.6500015258789,87.4000015258789,1124186,86.99475860595703,INR
2023-03-06 00:00:00+05:30,87.80000305175781,89.75,87.0,87.44999694824219,1216241,87.04452514648438,INR
2023-03-08 00:00:00+05:30,87.55000305175781,88.5999984741211,86.9000015258789,88.30000305175781,1020494,87.89059448242188,INR
2023-03-09 00:00:00+05:30,88.0,89.75,88.0,88.25,764467,87.8408203125,INR
2023-03-10 00:00:00+05:30,87.0,91.3499984741211,86.75,91.0500030517578,2685037,90.62784576416016,INR
2023-03-13 00:00:00+05:30,91.5500030517578,91.5500030517578,88.5,89.1500015258789,2168552,88.73664855957031,INR
2023-03-14 00:00:00+05:30,89.05000305175781,91.4000015258789,88.1500015258789,90.4000015258789,2200525,89.98085021972656,INR
2023-03-15 00:00:00+05:30,90.9499969482422,92.0999984741211,89.25,90.05000305175781,1102301,89.63247680664062,INR
2023-03-16 00:00:00+05:30,90.05000305175781,90.8000030517578,88.5999984741211,89.9000015258789,1502039,89.48316192626953,INR
2023-03-17 00:00:00+05:30,90.3499984741211,90.8000030517578,88.6500015258789,89.69999694824219,1512447,89.28408813476562,INR
2023-03-20 00:00:00+05:30,88.5999984741211,88.94999694824219,84.9000015258789,85.8499984741211,1191516,85.45194244384766,INR
2023-03-21 00:00:00+05:30,86.30000305175781,86.9000015258789,85.1500015258789,86.05000305175781,770230,85.6510238647461,INR
2023-03-22 00:00:00+05:30,87.5999984741211,88.8499984741211,86.44999694824219,86.9000015258789,816438,86.49708557128906,INR
2023-03-23 00:00:00+05:30,86.5999984741211,87.69999694824219,86.0999984741211,86.4000015258789,589934,85.99939727783203,INR
2023-03-24 00:00:00+05:30,86.30000305175781,87.0999984741211,83.69999694824219,84.1500015258789,1450961,83.75983428955078,INR
2023-03-27 00:00:00+05:30,84.0,84.0,81.5,82.05000305175781,958377,81.6695785522461,INR
2023-03-28 00:00:00+05:30,82.0,82.55000305175781,80.4000015258789,81.75,1294220,81.37095642089844,INR
2023-03-29 00:00:00+05:30,81.75,85.80000305175781,81.75,85.4000015258789,2514969,85.00403594970703,INR
2023-03-31 00:00:00+05:30,87.0,89.5,86.05000305175781,87.30000305175781,2857291,86.89522552490234,INR
2023-04-03 00:00:00+05:30,87.5,89.0,87.5,88.69999694824219,941297,88.28873443603516,INR
2023-04-05 00:00:00+05:30,88.8499984741211,90.9000015258789,88.69999694824219,90.4499969482422,1459591,90.03062438964844,INR
2023-04-06 00:00:00+05:30,90.3000030517578,91.4000015258789,87.8499984741211,89.5999984741211,1184745,89.18456268310547,INR
2023-04-10 00:00:00+05:30,89.55000305175781,90.6500015258789,88.30000305175781,88.5999984741211,799293,88.18919372558594,INR
2023-04-11 00:00:00+05:30,88.8499984741211,90.5999984741211,88.44999694824219,89.19999694824219,813306,88.78641510009766,INR
2023-04-12 00:00:00+05:30,89.25,92.5500030517578,89.25,91.3499984741211,3275143,90.92644500732422,INR
2023-04-13 00:00:00+05:30,91.1500015258789,91.8499984741211,89.5,90.75,1034217,90.32923126220705,INR
2023-04-17 00:00:00+05:30,91.25,94.9499969482422,88.4000015258789,94.4499969482422,3410002,94.01206970214844,INR
2023-04-18 00:00:00+05:30,94.5999984741211,97.25,94.0500030517578,95.3499984741211,2658068,94.90789794921876,INR
2023-04-19 00:00:00+05:30,95.6500015258789,100.4000015258789,94.5,98.5,4177792,98.04329681396484,INR
2023-04-20 00:00:00+05:30,98.5,101.5,97.5999984741211,99.1999969482422,3249606,98.74005126953124,INR
2023-04-21 00:00:00+05:30,99.6500015258789,101.75,97.5999984741211,101.0999984741211,4180262,100.63124084472656,INR
2023-04-24 00:00:00+05:30,101.8499984741211,103.6999969482422,101.0,103.0,2991954,102.52242279052734,INR
2023-04-25 00:00:00+05:30,103.5500030517578,104.0,101.0999984741211,101.6500015258789,2202612,101.1786880493164,INR
2023-04-26 00:00:00+05:30,101.8000030517578,103.5999984741211,100.9000015258789,102.0999984741211,1460060,101.62660217285156,INR
2023-04-27 00:00:00+05:30,102.3000030517578,103.4000015258789,100.8000030517578,101.3000030517578,1761502,100.83031463623048,INR
2023-04-28 00:00:00+05:30,102.0,104.9499969482422,101.75,103.5500030517578,3232962,103.06988525390624,INR
2023-05-02 00:00:00+05:30,105.5,108.9000015258789,103.8000030517578,106.4000015258789,8050126,105.90666961669922,INR
2023-05-03 00:00:00+05:30,106.5,117.4000015258789,106.0,115.9499969482422,18582329,115.41238403320312,INR
2023-05-04 00:00:00+05:30,117.0,123.5500030517578,116.0500030517578,117.0999984741211,12848690,116.55705261230467,INR
2023-05-05 00:00:00+05:30,116.6999969482422,120.5,113.4499969482422,114.1500015258789,5066282,113.6207275390625,INR
2023-05-08 00:00:00+05:30,115.0500030517578,119.5999984741211,114.1500015258789,118.75,5728661,118.19940185546876,INR
2023-05-09 00:00:00+05:30,119.4499969482422,120.0,114.5999984741211,116.1999969482422,2773054,115.66122436523438,INR
2023-05-10 00:00:00+05:30,116.6500015258789,121.8000030517578,115.3000030517578,121.0,5082599,120.43897247314452,INR
2023-05-11 00:00:00+05:30,122.25,123.4000015258789,120.1999969482422,122.1999969482422,4498203,121.6333999633789,INR
2023-05-12 00:00:00+05:30,122.0,124.5999984741211,120.0500030517578,121.6500015258789,3821904,121.0859603881836,INR
2023-05-15 00:00:00+05:30,121.6500015258789,121.8000030517578,118.0,118.5500030517578,2228717,118.00033569335938,INR
2023-05-16 00:00:00+05:30,119.0,121.1500015258789,117.5999984741211,118.75,2288297,118.19940185546876,INR
2023-05-17 00:00:00+05:30,119.0999984741211,122.0999984741211,118.1999969482422,119.5500030517578,2575507,118.99569702148438,INR
2023-05-18 00:00:00+05:30,119.9000015258789,121.25,117.0500030517578,117.5,1715393,116.95519256591795,INR
2023-05-19 00:00:00+05:30,117.25,122.75,115.0500030517578,121.6500015258789,4193416,121.0859603881836,INR
2023-05-22 00:00:00+05:30,121.6999969482422,122.1500015258789,118.8000030517578,119.5999984741211,1826397,119.04546356201172,INR
2023-05-23 00:00:00+05:30,118.0999984741211,119.4000015258789,117.4499969482422,117.9499969482422,1464628,117.40310668945312,INR
2023-05-24 00:00:00+05:30,118.0,128.5,118.0,127.6500015258789,11301959,127.05813598632812,INR
2023-05-25 00:00:00+05:30,128.35000610351562,130.0,126.4000015258789,129.35000610351562,6251322,128.75025939941406,INR
2023-05-26 00:00:00+05:30,130.0,131.6999969482422,126.5999984741211,127.25,3538578,126.65999603271484,INR
2023-05-29 00:00:00+05:30,127.8499984741211,128.0,123.1999969482422,124.5,2665197,123.9227523803711,INR
2023-05-30 00:00:00+05:30,125.0,128.8000030517578,122.8000030517578,125.9499969482422,3510913,125.3660125732422,INR
2023-05-31 00:00:00+05:30,125.75,129.1999969482422,124.1999969482422,127.8499984741211,3420656,127.2572021484375,INR
2023-06-01 00:00:00+05:30,128.60000610351562,129.10000610351562,125.0500030517578,125.4000015258789,1985535,124.81857299804688,INR
2023-06-02 00:00:00+05:30,125.9499969482422,127.9000015258789,125.8000030517578,126.9000015258789,1869213,126.31161499023438,INR
2023-06-05 00:00:00+05:30,127.6500015258789,133.25,127.5500030517578,131.6999969482422,5594474,131.08935546875,INR
2023-06-06 00:00:00+05:30,132.39999389648438,132.39999389648438,129.10000610351562,131.3000030517578,2262516,130.6912078857422,INR
2023-06-07 00:00:00+05:30,131.64999389648438,134.0,129.0,131.64999389648438,2804781,131.03956604003906,INR
2023-06-08 00:00:00+05:30,132.0,133.85000610351562,129.10000610351562,131.6999969482422,2781825,131.08935546875,INR
2023-06-09 00:00:00+05:30,132.0,132.14999389648438,128.5,129.1999969482422,2571620,128.84552001953125,INR
2023-06-12 00:00:00+05:30,129.8000030517578,131.3000030517578,128.0,129.3000030517578,1698070,128.94525146484375,INR
2023-06-13 00:00:00+05:30,129.5,131.8000030517578,128.75,129.5,1800492,129.14471435546875,INR
2023-06-14 00:00:00+05:30,129.5,130.4499969482422,128.39999389648438,129.0,1249172,128.6460723876953,INR
2023-06-15 00:00:00+05:30,129.0,135.1999969482422,127.5999984741211,133.75,6680055,133.38304138183594,INR
2023-06-16 00:00:00+05:30,134.5,137.64999389648438,131.5500030517578,132.64999389648438,5672484,132.2860565185547,INR
2023-06-19 00:00:00+05:30,133.3000030517578,134.14999389648438,130.4499969482422,131.64999389648438,2566878,131.28880310058594,INR
2023-06-20 00:00:00+05:30,131.6999969482422,136.39999389648438,130.6999969482422,135.10000610351562,3353340,134.72933959960938,INR
2023-06-21 00:00:00+05:30,135.5,136.9499969482422,134.60000610351562,135.3000030517578,1730239,134.92880249023438,INR
2023-06-22 00:00:00+05:30,135.39999389648438,138.35000610351562,132.35000610351562,133.89999389648438,3111103,133.5326385498047,INR
2023-06-23 00:00:00+05:30,134.25,134.4499969482422,130.5,131.0500030517578,2139438,130.69044494628906,INR
2023-06-26 00:00:00+05:30,131.39999389648438,132.64999389648438,129.39999389648438,132.14999389648438,1631955,131.7874298095703,INR
2023-06-27 00:00:00+05:30,132.64999389648438,134.4499969482422,132.10000610351562,132.64999389648438,1504765,132.2860565185547,INR
2023-06-28 00:00:00+05:30,133.14999389648438,135.89999389648438,133.10000610351562,134.1999969482422,1768422,133.83181762695312,INR
2023-06-30 00:00:00+05:30,135.10000610351562,135.60000610351562,132.0,132.6999969482422,1376365,132.33592224121094,INR
2023-07-03 00:00:00+05:30,133.4499969482422,133.85000610351562,130.64999389648438,131.0500030517578,1802687,130.69044494628906,INR
2023-07-04 00:00:00+05:30,131.64999389648438,133.60000610351562,127.75,128.39999389648438,2433133,128.0477294921875,INR
2023-07-05 00:00:00+05:30,128.85000610351562,131.39999389648438,128.25,129.35000610351562,2111200,128.9951171875,INR
2023-07-06 00:00:00+05:30,129.6999969482422,132.1999969482422,128.75,129.35000610351562,2315682,128.9951171875,INR
2023-07-07 00:00:00+05:30,129.75,130.64999389648438,127.8499984741211,128.9499969482422,1857861,128.59620666503906,INR
2023-07-10 00:00:00+05:30,129.5500030517578,129.5500030517578,125.5,127.4000015258789,2028548,127.05047607421876,INR
2023-07-11 00:00:00+05:30,127.8499984741211,133.0,127.8000030517578,131.25,3234562,130.88990783691406,INR
2023-07-12 00:00:00+05:30,131.85000610351562,135.1999969482422,131.25,133.25,3487168,132.88441467285156,INR
2023-07-13 00:00:00+05:30,134.0500030517578,138.35000610351562,133.3000030517578,134.85000610351562,5148777,134.4800262451172,INR
2023-07-14 00:00:00+05:30,135.6999969482422,143.6999969482422,134.1999969482422,142.75,12088712,142.3583526611328,INR
2023-07-17 00:00:00+05:30,145.0,149.14999389648438,141.25,141.85000610351562,8771371,141.46083068847656,INR
2023-07-18 00:00:00+05:30,142.64999389648438,145.0,140.4499969482422,144.5,4674919,144.1035614013672,INR
2023-07-19 00:00:00+05:30,148.0,148.64999389648438,140.9499969482422,141.4499969482422,7615850,141.06192016601562,INR
2023-07-20 00:00:00+05:30,142.5,143.6999969482422,139.25,140.0500030517578,2329072,139.665771484375,INR
2023-07-21 00:00:00+05:30,140.0,142.0,137.60000610351562,141.0500030517578,2623082,140.6630096435547,INR
2023-07-24 00:00:00+05:30,141.6999969482422,142.89999389648438,138.60000610351562,139.14999389648438,1525914,138.76821899414062,INR
2023-07-25 00:00:00+05:30,139.85000610351562,140.85000610351562,138.0,138.6999969482422,1228589,138.31947326660156,INR
2023-07-26 00:00:00+05:30,139.39999389648438,140.8000030517578,137.64999389648438,138.35000610351562,1845694,137.97044372558594,INR
2023-07-27 00:00:00+05:30,139.0500030517578,139.39999389648438,136.8000030517578,137.5500030517578,1442756,137.17262268066406,INR
2023-07-28 00:00:00+05:30,137.8000030517578,138.64999389648438,136.0,136.35000610351562,1309389,135.97592163085938,INR
2023-07-31 00:00:00+05:30,137.35000610351562,141.0,137.35000610351562,140.0500030517578,2006949,139.665771484375,INR
2023-08-01 00:00:00+05:30,140.9499969482422,142.39999389648438,138.3000030517578,139.39999389648438,1980697,139.01754760742188,INR
2023-08-02 00:00:00+05:30,139.5,141.14999389648438,133.5,136.5,3096684,136.12550354003906,INR
2023-08-03 00:00:00+05:30,137.0,141.35000610351562,135.85000610351562,139.5500030517578,2818981,139.16712951660156,INR
2023-08-04 00:00:00+05:30,140.1999969482422,142.89999389648438,139.10000610351562,141.8000030517578,2516422,141.4109649658203,INR
2023-08-07 00:00:00+05:30,142.5,154.5,141.85000610351562,152.9499969482422,13362592,152.53036499023438,INR
2023-08-08 00:00:00+05:30,153.25,156.6999969482422,151.0500030517578,152.5,4920779,152.08160400390625,INR
2023-08-09 00:00:00+05:30,152.6999969482422,155.89999389648438,150.35000610351562,153.5,3680852,153.07887268066406,INR
2023-08-10 00:00:00+05:30,153.8000030517578,166.3000030517578,153.5,160.64999389648438,11207020,160.20924377441406,INR
2023-08-11 00:00:00+05:30,161.4499969482422,166.60000610351562,158.4499969482422,165.39999389648438,5596708,164.94619750976562,INR
2023-08-14 00:00:00+05:30,166.0500030517578,170.5,159.0500030517578,167.85000610351562,6799453,167.38949584960938,INR
2023-08-16 00:00:00+05:30,167.9499969482422,171.3000030517578,164.35000610351562,166.9499969482422,5028736,166.49195861816406,INR
2023-08-17 00:00:00+05:30,167.60000610351562,171.6999969482422,166.64999389648438,169.5500030517578,3201057,169.08482360839844,INR
2023-08-18 00:00:00+05:30,170.3000030517578,176.3000030517578,161.60000610351562,167.0,10951945,166.5418243408203,INR
2023-08-21 00:00:00+05:30,167.89999389648438,184.8999938964844,167.64999389648438,182.6999969482422,15142120,182.19874572753903,INR
2023-08-22 00:00:00+05:30,184.0,188.5500030517578,181.1000061035156,182.3000030517578,7272081,181.7998504638672,INR
2023-08-23 00:00:00+05:30,183.1499938964844,190.9499969482422,182.5500030517578,187.8000030517578,8827002,187.2847595214844,INR
2023-08-24 00:00:00+05:30,189.0,194.1999969482422,188.0,190.5500030517578,5882914,190.0272216796875,INR
2023-08-25 00:00:00+05:30,191.5500030517578,191.5500030517578,184.3000030517578,190.8999938964844,5301804,190.37625122070312,INR
2023-08-28 00:00:00+05:30,192.75,201.8999938964844,191.75,200.1499938964844,11869789,199.60086059570312,INR
2023-08-29 00:00:00+05:30,201.6999969482422,229.6499938964844,201.25,225.6499938964844,33320775,225.03091430664065,INR
2023-08-30 00:00:00+05:30,228.3999938964844,232.0,220.3999938964844,224.6000061035156,9298045,223.9838104248047,INR
2023-08-31 00:00:00+05:30,225.75,226.0500030517578,215.0,224.4499969482422,5814455,223.83419799804688,INR
2023-09-01 00:00:00+05:30,225.3000030517578,234.6499938964844,224.1000061035156,233.3500061035156,5575055,232.7097930908203,INR
2023-09-04 00:00:00+05:30,235.0500030517578,255.0,235.0,252.9499969482422,7972876,252.25601196289065,INR
2023-09-05 00:00:00+05:30,255.0,285.0,255.0,279.0,13240757,278.23455810546875,INR
2023-09-06 00:00:00+05:30,282.3999938964844,288.95001220703125,253.0500030517578,267.70001220703125,13820639,266.965576171875,INR
2023-09-07 00:00:00+05:30,268.0,272.3999938964844,260.5,267.5,4277943,266.7660827636719,INR
2023-09-08 00:00:00+05:30,268.8500061035156,282.0,268.75,275.0,5158679,274.2455139160156,INR
2023-09-11 00:00:00+05:30,276.75,279.0,247.5,257.20001220703125,6442393,256.4943542480469,INR
2023-09-12 00:00:00+05:30,258.95001220703125,263.54998779296875,231.5,232.0500030517578,9728535,231.4133453369141,INR
2023-09-13 00:00:00+05:30,229.1000061035156,240.0,225.0,232.5,7291559,231.86212158203125,INR
2023-09-14 00:00:00+05:30,235.6999969482422,247.8999938964844,235.3000030517578,243.8500061035156,5318556,243.1809844970703,INR
2023-09-15 00:00:00+05:30,246.0,247.0500030517578,236.1000061035156,241.6999969482422,14793324,241.036865234375,INR
2023-09-18 00:00:00+05:30,246.0,246.0,238.5500030517578,239.8999938964844,1748853,239.24180603027344,INR
2023-09-20 00:00:00+05:30,239.8999938964844,241.9499969482422,236.0,237.0500030517578,1256492,236.399642944336,INR
2023-09-21 00:00:00+05:30,236.5,242.6000061035156,235.1000061035156,237.6499938964844,1311403,236.9979858398437,INR
2023-09-22 00:00:00+05:30,237.6499938964844,238.5500030517578,230.0,233.6499938964844,1325327,233.0089569091797,INR
2023-09-25 00:00:00+05:30,234.0,248.3999938964844,231.8500061035156,247.1499938964844,2921630,246.471908569336,INR
2023-09-26 00:00:00+05:30,247.5500030517578,252.3999938964844,245.0,247.3000030517578,2605127,246.6215209960937,INR
2023-09-27 00:00:00+05:30,247.1999969482422,251.3999938964844,245.1999969482422,250.1000061035156,1630301,249.4138336181641,INR
2023-09-28 00:00:00+05:30,251.5,255.25,246.1000061035156,248.6499938964844,1603756,247.96780395507807,INR
2023-09-29 00:00:00+05:30,249.8000030517578,250.1000061035156,242.5,243.3999938964844,1816128,242.73220825195312,INR
2023-10-03 00:00:00+05:30,240.1000061035156,256.8999938964844,240.1000061035156,253.8000030517578,3230078,253.1036834716797,INR
2023-10-04 00:00:00+05:30,254.0,257.8999938964844,244.3999938964844,247.6499938964844,2154238,246.9705505371093,INR
2023-10-05 00:00:00+05:30,249.0500030517578,252.0,245.5,247.8500061035156,1187282,247.1700134277344,INR
2023-10-06 00:00:00+05:30,248.4499969482422,248.6000061035156,245.5,247.25,1006352,246.5716552734375,INR
2023-10-09 00:00:00+05:30,240.1499938964844,241.3500061035156,234.1999969482422,235.9499969482422,2307971,235.3026580810547,INR
2023-10-10 00:00:00+05:30,238.5,247.3999938964844,237.0,244.4499969482422,2034655,243.77932739257807,INR
2023-10-11 00:00:00+05:30,246.6000061035156,250.0,243.1000061035156,246.1499938964844,1743003,245.4746551513672,INR
2023-10-12 00:00:00+05:30,247.0,262.1499938964844,246.1000061035156,255.6000061035156,4535562,254.8987579345703,INR
2023-10-13 00:00:00+05:30,254.6000061035156,260.0,252.5,257.6000061035156,2110314,256.8932800292969,INR
2023-10-16 00:00:00+05:30,258.8999938964844,261.29998779296875,254.25,255.8500061035156,1626161,255.1480712890625,INR
2023-10-17 00:00:00+05:30,258.70001220703125,264.79998779296875,254.1000061035156,257.1000061035156,2438017,256.3946228027344,INR
2023-10-18 00:00:00+05:30,262.0,262.1000061035156,252.5,254.9499969482422,2685241,254.25051879882807,INR
2023-10-19 00:00:00+05:30,255.3999938964844,268.0,252.1000061035156,262.25,3779753,261.5304870605469,INR
2023-10-20 00:00:00+05:30,263.8500061035156,271.20001220703125,258.0,260.25,3252553,259.5359802246094,INR
2023-10-23 00:00:00+05:30,261.6499938964844,262.20001220703125,246.8000030517578,247.1000061035156,2236013,246.4220733642578,INR
2023-10-25 00:00:00+05:30,249.8999938964844,251.6999969482422,237.1000061035156,238.5500030517578,2227125,237.89552307128903,INR
2023-10-26 00:00:00+05:30,234.9499969482422,236.8999938964844,224.0,234.1499938964844,2236006,233.5075836181641,INR
2023-10-27 00:00:00+05:30,236.75,244.8000030517578,236.0,238.75,1163019,238.094970703125,INR
2023-10-30 00:00:00+05:30,239.6000061035156,245.0,235.1999969482422,241.8999938964844,1033236,241.236328125,INR
2023-10-31 00:00:00+05:30,244.0,244.6999969482422,237.6000061035156,238.75,615684,238.094970703125,INR
2023-11-01 00:00:00+05:30,236.1999969482422,246.3999938964844,236.1499938964844,243.1000061035156,1362640,242.4330291748047,INR
2023-11-02 00:00:00+05:30,244.3000030517578,245.25,240.8000030517578,242.0500030517578,512550,241.3859100341797,INR
2023-11-03 00:00:00+05:30,243.3999938964844,247.6000061035156,242.3500061035156,243.75,654170,243.0812530517578,INR
2023-11-06 00:00:00+05:30,244.75,253.0,244.75,248.4499969482422,1057673,247.7683563232422,INR
2023-11-07 00:00:00+05:30,249.6000061035156,257.0,248.0,254.4499969482422,1174433,253.7518920898437,INR
2023-11-08 00:00:00+05:30,255.75,256.45001220703125,251.1000061035156,252.6499938964844,834685,251.9568328857422,INR
2023-11-09 00:00:00+05:30,253.6999969482422,260.0,250.0,251.4499969482422,1264826,250.7601318359375,INR
2023-11-10 00:00:00+05:30,250.0,251.8999938964844,248.0,248.8000030517578,519975,248.11740112304688,INR
2023-11-13 00:00:00+05:30,249.1999969482422,262.0,248.1000061035156,259.04998779296875,2659666,258.3392639160156,INR
2023-11-15 00:00:00+05:30,261.5,264.25,257.20001220703125,258.25,1104489,257.5414733886719,INR
2023-11-16 00:00:00+05:30,259.3999938964844,261.8999938964844,254.1499938964844,255.5,1125365,254.7990264892578,INR
2023-11-17 00:00:00+05:30,254.0,259.0,250.0,252.3500061035156,1075444,251.6576538085937,INR
2023-11-20 00:00:00+05:30,253.1999969482422,258.45001220703125,252.5,256.3500061035156,1059062,255.6466827392578,INR
2023-11-21 00:00:00+05:30,257.8500061035156,269.0,257.6499938964844,265.3500061035156,4484196,264.6220092773437,INR
2023-11-22 00:00:00+05:30,267.0,274.25,262.1499938964844,264.54998779296875,3035462,263.8241577148437,INR
2023-11-23 00:00:00+05:30,266.0,267.70001220703125,258.04998779296875,260.3500061035156,1306254,259.6357116699219,INR
2023-11-24 00:00:00+05:30,261.5,265.6000061035156,258.20001220703125,264.3999938964844,1361055,263.6745910644531,INR
2023-11-28 00:00:00+05:30,265.70001220703125,269.95001220703125,262.5,263.45001220703125,1381102,262.72723388671875,INR
2023-11-29 00:00:00+05:30,265.3999938964844,266.8500061035156,261.29998779296875,263.0,834624,262.2784423828125,INR
2023-11-30 00:00:00+05:30,265.45001220703125,275.79998779296875,250.0500030517578,273.70001220703125,3766487,272.9490966796875,INR
2023-12-01 00:00:00+05:30,275.0,278.79998779296875,265.04998779296875,267.45001220703125,1852272,266.7162475585937,INR
2023-12-04 00:00:00+05:30,268.6000061035156,274.0,268.6000061035156,271.70001220703125,1708874,270.9545593261719,INR
2023-12-05 00:00:00+05:30,272.79998779296875,294.0,268.3999938964844,290.79998779296875,7071872,290.00213623046875,INR
2023-12-06 00:00:00+05:30,307.0,307.0,300.0,300.8999938964844,5632135,300.074462890625,INR
2023-12-07 00:00:00+05:30,302.6000061035156,312.3999938964844,301.0,305.8500061035156,3274510,305.0108947753906,INR
2023-12-08 00:00:00+05:30,307.29998779296875,310.5,292.04998779296875,297.1000061035156,2616203,296.2848815917969,INR
2023-12-11 00:00:00+05:30,298.20001220703125,300.3999938964844,293.1000061035156,296.0,1394231,295.1878967285156,INR
2023-12-12 00:00:00+05:30,297.5,298.25,291.54998779296875,293.70001220703125,1020303,292.89422607421875,INR
2023-12-13 00:00:00+05:30,295.0,295.0,288.1000061035156,291.1499938964844,943331,290.3511962890625,INR
2023-12-14 00:00:00+05:30,294.5,299.20001220703125,291.3999938964844,292.3999938964844,863174,291.5977478027344,INR
2023-12-15 00:00:00+05:30,293.8999938964844,295.0,287.0,290.5,1048012,289.7030029296875,INR
2023-12-18 00:00:00+05:30,292.0,294.6000061035156,288.1499938964844,293.29998779296875,956566,292.49530029296875,INR
2023-12-19 00:00:00+05:30,293.75,297.8999938964844,291.20001220703125,294.6499938964844,854469,293.8415832519531,INR
2023-12-20 00:00:00+05:30,295.5,297.6000061035156,271.95001220703125,274.79998779296875,2834165,274.0460510253906,INR
2023-12-21 00:00:00+05:30,274.45001220703125,283.0,266.20001220703125,279.8500061035156,1336788,279.08221435546875,INR
2023-12-22 00:00:00+05:30,281.54998779296875,288.0,280.1499938964844,286.54998779296875,1352146,285.7637939453125,INR
2023-12-26 00:00:00+05:30,288.1499938964844,308.0,288.1499938964844,307.3500061035156,5588071,306.5067749023437,INR
2023-12-27 00:00:00+05:30,306.3999938964844,313.79998779296875,302.20001220703125,307.95001220703125,3283658,307.1051330566406,INR
2023-12-28 00:00:00+05:30,309.45001220703125,311.0,302.5,309.8999938964844,2315710,309.0497741699219,INR
2023-12-29 00:00:00+05:30,311.0,312.0,305.0,309.5,1593613,308.6508483886719,INR
2024-01-01 00:00:00+05:30,310.8500061035156,339.5,309.5,331.3999938964844,6026134,330.4907531738281,INR
2024-01-02 00:00:00+05:30,332.6499938964844,338.8999938964844,326.04998779296875,334.79998779296875,2097925,333.8814392089844,INR
2024-01-03 00:00:00+05:30,334.8999938964844,335.3500061035156,328.5,332.3500061035156,1004480,331.43817138671875,INR
2024-01-04 00:00:00+05:30,334.04998779296875,365.5499877929688,332.8500061035156,365.5499877929688,5282573,364.5470581054688,INR
2024-01-05 00:00:00+05:30,370.5,394.0,368.8999938964844,386.8999938964844,6587811,385.8385009765625,INR
2024-01-08 00:00:00+05:30,390.0,398.75,373.0,387.8500061035156,2813913,386.7859191894531,INR
2024-01-09 00:00:00+05:30,390.7999877929688,396.8999938964844,383.0,386.7999877929688,1408785,385.73876953125,INR
2024-01-10 00:00:00+05:30,382.0,387.5,369.0,380.3999938964844,956981,379.3563537597656,INR
2024-01-11 00:00:00+05:30,386.0,392.0,373.6000061035156,375.9500122070313,636554,374.9185791015625,INR
2024-01-12 00:00:00+05:30,375.9500122070313,381.0,369.0,370.6499938964844,497570,369.6330871582031,INR
2024-01-15 00:00:00+05:30,373.6000061035156,379.9500122070313,370.2999877929688,374.7999877929688,512322,373.7716979980469,INR
2024-01-16 00:00:00+05:30,375.2000122070313,393.5,372.1000061035156,391.7000122070313,1635182,390.6253662109375,INR
2024-01-17 00:00:00+05:30,383.75,388.75,375.0,376.9500122070313,862347,375.9158325195313,INR
2024-01-18 00:00:00+05:30,377.0,381.0,358.1000061035156,376.0,732498,374.9684143066406,INR
2024-01-19 00:00:00+05:30,376.7000122070313,381.4500122070313,370.0,374.0499877929688,534004,373.0237731933594,INR
2024-01-23 00:00:00+05:30,374.0,376.6000061035156,357.0,364.7000122070313,870677,363.6994323730469,INR
2024-01-24 00:00:00+05:30,361.1000061035156,368.0,358.1000061035156,364.9500122070313,1031573,363.9487609863281,INR
2024-01-25 00:00:00+05:30,366.6000061035156,377.0,361.0,372.1000061035156,351124,371.0791015625,INR
2024-01-29 00:00:00+05:30,373.6000061035156,378.7000122070313,367.2999877929688,370.25,483677,369.2341918945313,INR
2024-01-30 00:00:00+05:30,372.1000061035156,373.5,365.1000061035156,365.5499877929688,380628,364.5470581054688,INR
2024-01-31 00:00:00+05:30,366.0,379.0,366.0,374.3500061035156,488732,373.3229370117188,INR
2024-02-01 00:00:00+05:30,376.9500122070313,378.1000061035156,368.6000061035156,370.6000061035156,438357,369.5832214355469,INR
2024-02-02 00:00:00+05:30,372.1000061035156,372.1000061035156,366.1000061035156,370.25,467807,369.2341918945313,INR
2024-02-05 00:00:00+05:30,370.0,370.5,362.0,367.6000061035156,575278,366.5914611816406,INR
2024-02-06 00:00:00+05:30,369.0499877929688,375.0,366.0,373.8500061035156,619200,372.8243103027344,INR
2024-02-07 00:00:00+05:30,374.0,389.8999938964844,374.0,379.1499938964844,598662,378.1097717285156,INR
2024-02-08 00:00:00+05:30,389.2999877929688,389.2999877929688,370.1000061035156,371.6000061035156,322619,370.58050537109375,INR
2024-02-09 00:00:00+05:30,371.6000061035156,375.1000061035156,353.04998779296875,369.1499938964844,523553,368.13720703125,INR
2024-02-12 00:00:00+05:30,365.0,369.1499938964844,350.70001220703125,352.8500061035156,857421,351.8819274902344,INR
2024-02-13 00:00:00+05:30,349.0,358.1000061035156,335.20001220703125,351.29998779296875,741049,350.3361511230469,INR
2024-02-14 00:00:00+05:30,342.5,359.79998779296875,341.1000061035156,354.95001220703125,415731,353.9761657714844,INR
2024-02-15 00:00:00+05:30,356.1000061035156,366.1000061035156,353.95001220703125,359.5,312784,358.513671875,INR
2024-02-16 00:00:00+05:30,361.6499938964844,369.9500122070313,356.04998779296875,364.1000061035156,421203,363.10107421875,INR
2024-02-19 00:00:00+05:30,367.0,369.0,358.8999938964844,362.75,372601,361.7547607421875,INR
2024-02-20 00:00:00+05:30,365.6499938964844,365.8999938964844,360.04998779296875,364.3500061035156,256673,363.3504028320313,INR
2024-02-21 00:00:00+05:30,365.8500061035156,366.0,359.1000061035156,362.4500122070313,289415,361.4555969238281,INR
2024-02-22 00:00:00+05:30,362.4500122070313,364.8999938964844,353.1000061035156,362.2000122070313,1244021,361.206298828125,INR
2024-02-23 00:00:00+05:30,363.1499938964844,369.0,356.5,365.8999938964844,406458,364.8961181640625,INR
2024-02-26 00:00:00+05:30,369.0,373.0,361.0,366.2000122070313,826505,365.1953125,INR
2024-02-27 00:00:00+05:30,368.7999877929688,369.8999938964844,360.7000122070313,366.0,311326,364.995849609375,INR
2024-02-28 00:00:00+05:30,368.2000122070313,368.2000122070313,351.25,360.0,407992,359.0123291015625,INR
2024-02-29 00:00:00+05:30,364.8999938964844,374.75,350.0,368.2999877929688,906162,367.2895202636719,INR
2024-03-01 00:00:00+05:30,368.2999877929688,372.7999877929688,358.1000061035156,363.7000122070313,273529,362.7021789550781,INR
2024-03-04 00:00:00+05:30,364.5499877929688,365.0,352.29998779296875,355.79998779296875,325785,354.8238220214844,INR
2024-03-05 00:00:00+05:30,355.0,358.0,351.20001220703125,353.3999938964844,230027,352.430419921875,INR
2024-03-06 00:00:00+05:30,350.1000061035156,353.3500061035156,336.0,342.0,660044,341.06170654296875,INR
2024-03-07 00:00:00+05:30,341.95001220703125,341.95001220703125,332.0,333.8999938964844,633932,332.9839172363281,INR
2024-03-11 00:00:00+05:30,333.0,333.0,317.20001220703125,317.20001220703125,725015,316.32977294921875,INR
2024-03-12 00:00:00+05:30,301.3500061035156,310.8999938964844,301.3500061035156,301.3500061035156,825662,300.5232238769531,INR
2024-03-13 00:00:00+05:30,286.29998779296875,294.95001220703125,286.29998779296875,286.29998779296875,744167,285.5145263671875,INR
2024-03-14 00:00:00+05:30,272.0,300.6000061035156,272.0,300.6000061035156,938149,299.7752685546875,INR
2024-03-15 00:00:00+05:30,312.0,315.6000061035156,301.25,315.25,1069686,314.38507080078125,INR
2024-03-18 00:00:00+05:30,324.95001220703125,331.0,316.8500061035156,319.95001220703125,500351,319.0722045898437,INR
2024-03-19 00:00:00+05:30,316.04998779296875,324.79998779296875,308.8999938964844,319.79998779296875,401069,318.9225769042969,INR
2024-03-20 00:00:00+05:30,321.0,327.0,305.04998779296875,318.95001220703125,485717,318.074951171875,INR
2024-03-21 00:00:00+05:30,321.5,326.8999938964844,315.0,315.29998779296875,288584,314.4349365234375,INR
2024-03-22 00:00:00+05:30,319.79998779296875,319.8999938964844,310.54998779296875,314.25,340612,313.3878479003906,INR
2024-03-26 00:00:00+05:30,316.0,317.8999938964844,307.6499938964844,309.1000061035156,703155,308.2519836425781,INR
2024-03-27 00:00:00+05:30,310.95001220703125,314.8999938964844,295.0,308.25,1102219,307.404296875,INR
2024-03-28 00:00:00+05:30,308.0,313.0,300.04998779296875,302.29998779296875,425761,301.4706115722656,INR
2024-04-01 00:00:00+05:30,302.29998779296875,317.0,302.0,315.70001220703125,357267,314.8338623046875,INR
2024-04-02 00:00:00+05:30,316.0,324.1499938964844,305.54998779296875,322.79998779296875,1058802,321.91436767578125,INR
2024-04-03 00:00:00+05:30,322.79998779296875,338.0,315.0,336.95001220703125,541379,336.02557373046875,INR
2024-04-04 00:00:00+05:30,342.3999938964844,348.20001220703125,332.0,334.45001220703125,295942,333.53240966796875,INR
2024-04-05 00:00:00+05:30,338.45001220703125,339.8999938964844,330.0,335.3500061035156,207975,334.429931640625,INR
2024-04-08 00:00:00+05:30,335.25,335.25,324.8999938964844,328.25,227272,327.34942626953125,INR
2024-04-09 00:00:00+05:30,330.95001220703125,337.0,324.1499938964844,332.8999938964844,310860,331.98663330078125,INR
2024-04-10 00:00:00+05:30,332.5,334.6499938964844,321.0,323.04998779296875,298488,322.1636962890625,INR
2024-04-12 00:00:00+05:30,323.70001220703125,327.0,315.0,317.3999938964844,352304,316.5291748046875,INR
2024-04-15 00:00:00+05:30,308.0,317.0,302.0,309.6499938964844,579928,308.8004455566406,INR
2024-04-16 00:00:00+05:30,303.1000061035156,314.8999938964844,303.0,308.8999938964844,455662,308.052490234375,INR
2024-04-18 00:00:00+05:30,314.0,324.29998779296875,312.79998779296875,321.8500061035156,744839,320.96697998046875,INR
2024-04-19 00:00:00+05:30,320.0,337.6499938964844,310.3500061035156,333.54998779296875,1453688,332.6348876953125,INR
2024-04-22 00:00:00+05:30,339.0,350.20001220703125,328.0,350.20001220703125,641393,349.2392272949219,INR
2024-04-23 00:00:00+05:30,355.5,367.7000122070313,352.0,367.7000122070313,1064963,366.6911926269531,INR
2024-04-24 00:00:00+05:30,374.0,385.0,356.0,360.7000122070313,716067,359.7104187011719,INR
2024-04-25 00:00:00+05:30,372.0,372.0,362.0,367.6000061035156,271633,366.5914611816406,INR
2024-04-26 00:00:00+05:30,384.0,384.0,368.1000061035156,371.25,843375,370.2314453125,INR
2024-04-29 00:00:00+05:30,380.0,382.3500061035156,371.0499877929688,377.9500122070313,1391679,376.9130554199219,INR
2024-04-30 00:00:00+05:30,379.2000122070313,382.2000122070313,369.2000122070313,375.0,1446458,373.9711608886719,INR
2024-05-02 00:00:00+05:30,377.1000061035156,380.5,372.25,373.9500122070313,812657,372.924072265625,INR
2024-05-03 00:00:00+05:30,374.1000061035156,381.0,370.0,375.5499877929688,1639508,374.5196533203125,INR
2024-05-06 00:00:00+05:30,375.5499877929688,377.8999938964844,356.79998779296875,357.1000061035156,1083369,356.12030029296875,INR
2024-05-07 00:00:00+05:30,346.29998779296875,369.5499877929688,344.8999938964844,366.6499938964844,1273838,365.6440734863281,INR
2024-05-08 00:00:00+05:30,365.0,367.2000122070313,355.20001220703125,357.1000061035156,374840,356.12030029296875,INR
2024-05-09 00:00:00+05:30,357.0,359.8999938964844,340.29998779296875,349.04998779296875,565340,348.0923156738281,INR
2024-05-10 00:00:00+05:30,348.8999938964844,349.20001220703125,340.0,346.1499938964844,359847,345.2002868652344,INR
2024-05-13 00:00:00+05:30,346.1499938964844,348.54998779296875,330.0,339.54998779296875,422987,338.618408203125,INR
2024-05-14 00:00:00+05:30,342.20001220703125,355.1000061035156,340.04998779296875,350.8500061035156,588664,349.8874206542969,INR
2024-05-15 00:00:00+05:30,355.0,359.8999938964844,353.0,355.3999938964844,681780,354.4249267578125,INR
2024-05-16 00:00:00+05:30,357.75,357.75,347.5,348.5,270712,347.5438537597656,INR
2024-05-17 00:00:00+05:30,352.0,352.29998779296875,346.70001220703125,349.0,196779,348.0425109863281,INR
2024-05-21 00:00:00+05:30,353.75,366.0499877929688,347.0,363.9500122070313,1149875,362.9514770507813,INR
2024-05-22 00:00:00+05:30,367.0,370.2999877929688,360.0,362.25,787783,361.2561645507813,INR
2024-05-23 00:00:00+05:30,364.0499877929688,367.2999877929688,354.0,355.3999938964844,334668,354.4249267578125,INR
2024-05-24 00:00:00+05:30,354.95001220703125,360.0,347.0,350.5,490810,349.53839111328125,INR
2024-05-27 00:00:00+05:30,350.5,354.6000061035156,345.0,346.20001220703125,275245,345.25018310546875,INR
2024-05-28 00:00:00+05:30,346.20001220703125,349.1499938964844,335.95001220703125,339.75,342698,338.81787109375,INR
2024-05-29 00:00:00+05:30,337.5,347.0,337.5,340.95001220703125,371470,340.0145874023437,INR
2024-05-30 00:00:00+05:30,341.0,343.1499938964844,327.95001220703125,330.54998779296875,366563,329.6430969238281,INR
2024-05-31 00:00:00+05:30,334.29998779296875,341.20001220703125,331.0,332.8999938964844,451111,331.98663330078125,INR
2024-06-03 00:00:00+05:30,348.95001220703125,348.95001220703125,337.29998779296875,340.95001220703125,554189,340.0145874023437,INR
2024-06-04 00:00:00+05:30,340.95001220703125,341.54998779296875,323.8999938964844,323.8999938964844,743614,323.0113525390625,INR
2024-06-05 00:00:00+05:30,307.70001220703125,331.29998779296875,307.70001220703125,324.1000061035156,1258853,323.2108154296875,INR
2024-06-06 00:00:00+05:30,331.29998779296875,340.29998779296875,328.0,337.5,497421,336.57403564453125,INR
2024-06-07 00:00:00+05:30,339.79998779296875,343.29998779296875,335.29998779296875,342.25,438553,341.8174133300781,INR
2024-06-10 00:00:00+05:30,346.0,359.3500061035156,346.0,359.20001220703125,1465737,358.7460021972656,INR
2024-06-11 00:00:00+05:30,364.2999877929688,366.7999877929688,352.45001220703125,353.79998779296875,804108,353.352783203125,INR
2024-06-12 00:00:00+05:30,353.79998779296875,369.7000122070313,353.79998779296875,362.25,1221827,361.7921142578125,INR
2024-06-13 00:00:00+05:30,364.2999877929688,366.0,356.0,360.8500061035156,511039,360.3938903808594,INR
2024-06-14 00:00:00+05:30,364.2999877929688,372.0,358.8999938964844,361.8999938964844,812466,361.4425659179688,INR
2024-06-18 00:00:00+05:30,364.1000061035156,368.0,361.2999877929688,363.8500061035156,636089,363.3901062011719,INR
2024-06-19 00:00:00+05:30,365.7999877929688,382.0,365.7999877929688,382.0,2903722,381.5171508789063,INR
2024-06-20 00:00:00+05:30,394.0,401.1000061035156,390.0,401.1000061035156,2870001,400.593017578125,INR
2024-06-21 00:00:00+05:30,408.0499877929688,418.5,385.0,394.5,2958884,394.0013732910156,INR
2024-06-24 00:00:00+05:30,392.0,397.2999877929688,382.0,392.1000061035156,1142413,391.6044006347656,INR
2024-06-25 00:00:00+05:30,394.5,405.0,392.2999877929688,400.6000061035156,1415863,400.0936584472656,INR
2024-06-26 00:00:00+05:30,400.6499938964844,404.7999877929688,391.2000122070313,393.3999938964844,993143,392.9027404785156,INR
2024-06-27 00:00:00+05:30,388.2000122070313,396.9500122070313,382.2000122070313,389.6000061035156,1416207,389.1075744628906,INR
2024-06-28 00:00:00+05:30,391.3999938964844,398.5,382.75,394.2000122070313,891247,393.7017517089844,INR
2024-07-01 00:00:00+05:30,398.9500122070313,401.2999877929688,393.0,396.8500061035156,851235,396.348388671875,INR
2024-07-02 00:00:00+05:30,399.9500122070313,412.1000061035156,394.2000122070313,401.2000122070313,1539361,400.6929016113281,INR
2024-07-03 00:00:00+05:30,406.5,415.0,403.3999938964844,405.3500061035156,1312309,404.837646484375,INR
2024-07-04 00:00:00+05:30,412.3999938964844,412.3999938964844,401.2999877929688,402.6499938964844,667226,402.14105224609375,INR
2024-07-05 00:00:00+05:30,404.6000061035156,407.0,397.2000122070313,403.2999877929688,657931,402.7902221679688,INR
2024-07-08 00:00:00+05:30,405.2000122070313,408.2000122070313,401.0,405.3999938964844,837718,404.8875732421875,INR
2024-07-09 00:00:00+05:30,407.7999877929688,425.6499938964844,406.4500122070313,425.6499938964844,3023180,425.1119689941406,INR
2024-07-10 00:00:00+05:30,430.0,442.8999938964844,406.5499877929688,432.8500061035156,3100267,432.3028869628906,INR
2024-07-11 00:00:00+05:30,437.5,438.0,426.0,428.3999938964844,897241,427.8585205078125,INR
2024-07-12 00:00:00+05:30,430.7000122070313,431.9500122070313,418.25,420.6000061035156,691345,420.0683898925781,INR
2024-07-15 00:00:00+05:30,424.3999938964844,424.3999938964844,412.5,418.1000061035156,784183,417.571533203125,INR
2024-07-16 00:00:00+05:30,419.7000122070313,439.0,419.0,432.5,3973242,431.9533386230469,INR
2024-07-18 00:00:00+05:30,435.8999938964844,435.8999938964844,411.25,414.3500061035156,1544079,413.8262634277344,INR
2024-07-19 00:00:00+05:30,414.3500061035156,415.25,395.3500061035156,400.75,1239244,400.2434692382813,INR
2024-07-22 00:00:00+05:30,400.75,415.3999938964844,391.3500061035156,404.5499877929688,1028990,404.0386352539063,INR
2024-07-23 00:00:00+05:30,407.8500061035156,412.0,384.3500061035156,408.7999877929688,955176,408.28326416015625,INR
2024-07-24 00:00:00+05:30,409.7000122070313,418.0,405.0,409.0,577118,408.4830322265625,INR
2024-07-25 00:00:00+05:30,407.0,408.3500061035156,401.0,402.5,404477,401.9912414550781,INR
2024-07-26 00:00:00+05:30,403.8999938964844,422.6000061035156,403.8999938964844,422.6000061035156,1938950,422.06585693359375,INR
2024-07-29 00:00:00+05:30,428.0,429.7999877929688,415.6000061035156,417.75,1053552,417.2219848632813,INR
2024-07-30 00:00:00+05:30,420.8500061035156,433.0499877929688,420.8500061035156,430.6000061035156,4056597,430.05572509765625,INR
2024-07-31 00:00:00+05:30,436.3999938964844,448.0,426.2999877929688,429.2000122070313,1859931,428.6575012207031,INR
2024-08-01 00:00:00+05:30,432.25,450.6499938964844,427.6499938964844,447.75,3527943,447.1840515136719,INR
2024-08-02 00:00:00+05:30,441.0,469.8999938964844,435.6000061035156,467.25,3204417,466.6593933105469,INR
2024-08-05 00:00:00+05:30,465.9500122070313,465.9500122070313,443.8999938964844,452.6499938964844,3564772,452.0778503417969,INR
2024-08-06 00:00:00+05:30,452.5499877929688,475.25,452.5499877929688,475.25,1710004,474.6492919921875,INR
2024-08-07 00:00:00+05:30,487.5,491.3999938964844,463.8500061035156,477.3999938964844,2107696,476.7965698242188,INR
2024-08-08 00:00:00+05:30,478.7000122070313,483.5499877929688,460.5,467.5,1129899,466.9090881347656,INR
2024-08-09 00:00:00+05:30,475.0,482.6499938964844,458.0,476.1499938964844,1562220,475.5481567382813,INR
2024-08-12 00:00:00+05:30,474.0,478.6000061035156,465.4500122070313,471.9500122070313,1250531,471.3534851074219,INR
2024-08-13 00:00:00+05:30,473.9500122070313,475.3999938964844,450.5499877929688,453.8999938964844,1258840,453.3262634277344,INR
2024-08-14 00:00:00+05:30,459.0,468.1000061035156,441.1000061035156,465.25,1606931,464.6619262695313,INR
2024-08-16 00:00:00+05:30,469.0,471.0,458.0,464.8999938964844,777766,464.3123779296875,INR
2024-08-19 00:00:00+05:30,467.0,494.0499877929688,467.0,488.25,2475011,487.63287353515625,INR
2024-08-20 00:00:00+05:30,489.8999938964844,495.0,480.5,483.8500061035156,1162951,483.2384338378906,INR
2024-08-21 00:00:00+05:30,484.0,488.0,480.5,483.5499877929688,551812,482.9387817382813,INR
2024-08-22 00:00:00+05:30,483.5,492.0,480.8999938964844,483.6499938964844,953434,483.0386657714844,INR
2024-08-23 00:00:00+05:30,484.0,530.0,480.5,527.1500244140625,6651290,526.4837036132812,INR
2024-08-26 00:00:00+05:30,530.0,539.7999877929688,511.0,527.0499877929688,4162997,526.3837890625,INR
2024-08-27 00:00:00+05:30,527.7999877929688,539.0,523.7999877929688,530.6500244140625,1975531,529.9793090820312,INR
2024-08-28 00:00:00+05:30,532.7999877929688,535.75,526.0,532.3499755859375,1283931,531.6771240234375,INR
2024-08-29 00:00:00+05:30,532.3499755859375,534.2000122070312,515.0999755859375,524.7999877929688,1066587,524.1366577148438,INR
2024-08-30 00:00:00+05:30,525.0999755859375,527.2999877929688,515.0,523.25,1235616,522.588623046875,INR
2024-09-02 00:00:00+05:30,524.2999877929688,556.0,520.0,522.0999755859375,4084617,521.4400634765625,INR
2024-09-03 00:00:00+05:30,522.0999755859375,534.0,521.6500244140625,531.0499877929688,1426774,530.3787231445312,INR
2024-09-04 00:00:00+05:30,525.0,539.7999877929688,523.0,531.9500122070312,1084031,531.2776489257812,INR
2024-09-05 00:00:00+05:30,534.4000244140625,554.2999877929688,534.3499755859375,537.9000244140625,2075424,537.2201538085938,INR
2024-09-06 00:00:00+05:30,540.5499877929688,542.4000244140625,526.25,529.7999877929688,936998,529.1303100585938,INR
2024-09-09 00:00:00+05:30,522.0,533.9000244140625,511.2000122070313,530.25,1205611,529.5797729492188,INR
2024-09-10 00:00:00+05:30,532.7000122070312,567.0,530.0999755859375,562.8499755859375,5161412,562.1385498046875,INR
2024-09-11 00:00:00+05:30,564.0,578.5,554.0,560.25,3709777,559.5418701171875,INR
2024-09-12 00:00:00+05:30,561.9500122070312,569.0,547.6500244140625,563.5499877929688,1699992,562.837646484375,INR
2024-09-13 00:00:00+05:30,564.2000122070312,578.0,557.2000122070312,573.7999877929688,2074000,573.07470703125,INR
2024-09-16 00:00:00+05:30,582.0,599.7000122070312,578.1500244140625,593.2999877929688,3182937,592.550048828125,INR
2024-09-17 00:00:00+05:30,596.0,651.75,590.0499877929688,640.6500244140625,9342532,639.8402709960938,INR
2024-09-18 00:00:00+05:30,652.6500244140625,688.7000122070312,647.7000122070312,661.6500244140625,9042822,660.813720703125,INR
2024-09-19 00:00:00+05:30,663.0,668.0,632.0,659.9500122070312,4526145,659.1158447265625,INR
2024-09-20 00:00:00+05:30,664.8499755859375,667.9000244140625,638.0,641.0,2608657,640.1898193359375,INR
2024-09-23 00:00:00+05:30,644.0499877929688,653.0,636.2000122070312,646.9000244140625,1306626,646.0823364257812,INR
2024-09-24 00:00:00+05:30,648.9000244140625,658.0,640.0499877929688,644.9500122070312,1046939,644.1348266601562,INR
2024-09-25 00:00:00+05:30,648.4000244140625,664.8499755859375,643.0,660.0999755859375,3142705,659.265625,INR
2024-09-26 00:00:00+05:30,664.0499877929688,681.25,652.0,656.9000244140625,4856900,656.0697021484375,INR
2024-09-27 00:00:00+05:30,664.0,666.0,648.1500244140625,656.9500122070312,1692472,656.11962890625,INR
2024-09-30 00:00:00+05:30,657.0999755859375,670.5,640.7000122070312,661.6500244140625,3825963,660.813720703125,INR
2024-10-01 00:00:00+05:30,664.0,674.0,650.75,667.5999755859375,2443321,666.7561645507812,INR
2024-10-03 00:00:00+05:30,639.0999755859375,661.4000244140625,632.0,644.3499755859375,2381053,643.5355224609375,INR
2024-10-04 00:00:00+05:30,644.3499755859375,652.0,621.0,634.6500244140625,2484114,633.8478393554688,INR
2024-10-07 00:00:00+05:30,636.0,639.75,595.0,599.25,2797469,598.4925537109375,INR
2024-10-08 00:00:00+05:30,595.9500122070312,611.5,582.25,607.5999755859375,2721059,606.8319702148438,INR
2024-10-09 00:00:00+05:30,611.0499877929688,639.9500122070312,611.0499877929688,629.0,1547241,628.2049560546875,INR
2024-10-10 00:00:00+05:30,632.0,642.9500122070312,626.5999755859375,629.6500244140625,991961,628.8541870117188,INR
2024-10-11 00:00:00+05:30,632.8499755859375,645.7000122070312,622.5499877929688,638.3499755859375,965009,637.5430908203125,INR
2024-10-14 00:00:00+05:30,642.0999755859375,647.5,622.3499755859375,635.75,1118179,634.9464111328125,INR
2024-10-15 00:00:00+05:30,638.5499877929688,654.0,632.0999755859375,649.2000122070312,1506332,648.3794555664062,INR
2024-10-16 00:00:00+05:30,652.0,665.9000244140625,646.3499755859375,660.0999755859375,2995445,659.265625,INR
2024-10-17 00:00:00+05:30,668.0,676.2000122070312,617.1500244140625,623.2999877929688,3139436,622.5121459960938,INR
2024-10-18 00:00:00+05:30,613.1500244140625,632.0,601.0,619.9500122070312,1769282,619.1663818359375,INR
2024-10-21 00:00:00+05:30,621.9500122070312,631.9500122070312,605.2000122070312,611.6500244140625,1793274,610.8768920898438,INR
2024-10-22 00:00:00+05:30,610.0999755859375,611.2000122070312,570.2999877929688,574.8499755859375,1942458,574.1233520507812,INR
2024-10-23 00:00:00+05:30,562.4500122070312,591.0,555.0999755859375,571.75,1655657,571.02734375,INR
2024-10-24 00:00:00+05:30,572.4500122070312,589.0,564.25,578.5,2608821,577.768798828125,INR
2024-10-25 00:00:00+05:30,577.0,579.7999877929688,547.0,552.8499755859375,2356297,552.1511840820312,INR
2024-10-28 00:00:00+05:30,549.0,579.7999877929688,541.5499877929688,571.5999755859375,1634849,570.8775024414062,INR
2024-10-29 00:00:00+05:30,566.0999755859375,577.7000122070312,558.2000122070312,568.2000122070312,785812,567.4818115234375,INR
2024-10-30 00:00:00+05:30,567.0,576.5,564.0499877929688,567.4500122070312,537865,566.7327880859375,INR
2024-10-31 00:00:00+05:30,565.0499877929688,575.0,562.5,573.0499877929688,570233,572.32568359375,INR
2024-11-01 00:00:00+05:30,573.0499877929688,580.0,570.4500122070312,576.2999877929688,217583,575.571533203125,INR
2024-11-04 00:00:00+05:30,576.8499755859375,578.5499877929688,553.5499877929688,559.7999877929688,640808,559.0924072265625,INR
2024-11-05 00:00:00+05:30,556.0,594.0,554.0,586.6500244140625,1460253,585.9085083007812,INR
2024-11-06 00:00:00+05:30,593.0,593.0,584.2000122070312,587.7999877929688,981899,587.0570068359375,INR
2024-11-07 00:00:00+05:30,590.75,597.7000122070312,575.0,576.6500244140625,570981,575.921142578125,INR
2024-11-08 00:00:00+05:30,576.0,578.8499755859375,550.0999755859375,554.0999755859375,680821,553.3995971679688,INR
2024-11-11 00:00:00+05:30,550.0,553.0,537.0499877929688,543.9500122070312,650019,543.262451171875,INR
2024-11-12 00:00:00+05:30,545.9500122070312,552.5,529.25,532.4500122070312,636320,531.7770385742188,INR
2024-11-13 00:00:00+05:30,526.8499755859375,532.0,499.3500061035156,503.6000061035156,1579487,502.9634704589844,INR
2024-11-14 00:00:00+05:30,503.6000061035156,517.75,492.5499877929688,497.75,1276367,497.120849609375,INR
2024-11-18 00:00:00+05:30,497.75,509.75,472.0,498.3500061035156,1573000,497.7200927734375,INR
2024-11-19 00:00:00+05:30,500.0,514.7000122070312,488.9500122070313,493.4500122070313,782127,492.8262939453125,INR
2024-11-21 00:00:00+05:30,493.4500122070313,497.5,479.0499877929688,481.1499938964844,827883,480.5418395996094,INR
2024-11-22 00:00:00+05:30,478.0,489.9500122070313,476.7000122070313,488.4500122070313,617313,487.8326110839844,INR
2024-11-25 00:00:00+05:30,505.0,511.5,487.0499877929688,490.0499877929688,844071,489.4305725097656,INR
2024-11-26 00:00:00+05:30,492.6499938964844,507.2000122070313,487.3500061035156,498.75,685697,498.1195983886719,INR
2024-11-27 00:00:00+05:30,503.9500122070313,537.0,493.25,531.75,2027335,531.077880859375,INR
2024-11-28 00:00:00+05:30,533.1500244140625,542.7999877929688,521.5,524.0499877929688,1117175,523.3875732421875,INR
2024-11-29 00:00:00+05:30,525.9500122070312,530.8499755859375,514.5,527.0999755859375,683054,526.4337158203125,INR
2024-12-02 00:00:00+05:30,525.0,540.5999755859375,519.2000122070312,534.2999877929688,898401,533.6246337890625,INR
2024-12-03 00:00:00+05:30,536.1500244140625,551.7000122070312,534.5,540.0999755859375,753489,539.4172973632812,INR
2024-12-04 00:00:00+05:30,542.7000122070312,557.7999877929688,540.0999755859375,553.7999877929688,966406,553.0999755859375,INR
2024-12-05 00:00:00+05:30,557.5,577.0,553.2000122070312,570.9500122070312,1807331,570.2283325195312,INR
2024-12-06 00:00:00+05:30,574.4000244140625,577.6500244140625,566.6500244140625,571.1500244140625,957238,570.4281005859375,INR
2024-12-09 00:00:00+05:30,573.8499755859375,578.5,563.2000122070312,565.2999877929688,892366,564.58544921875,INR
2024-12-10 00:00:00+05:30,570.0,570.0499877929688,553.0499877929688,565.4000244140625,587714,564.6853637695312,INR
2024-12-11 00:00:00+05:30,567.5,570.9500122070312,562.0999755859375,568.9500122070312,449026,568.2308959960938,INR
2024-12-12 00:00:00+05:30,569.0,570.5,552.25,565.5,664254,564.7852172851562,INR
2024-12-13 00:00:00+05:30,565.0999755859375,566.9000244140625,547.8499755859375,562.0,789580,561.2896728515625,INR
2024-12-16 00:00:00+05:30,560.8499755859375,567.5499877929688,555.0999755859375,556.5499877929688,388370,555.8464965820312,INR
2024-12-17 00:00:00+05:30,554.9500122070312,567.4000244140625,549.0,551.5999755859375,1133487,550.9027709960938,INR
2024-12-18 00:00:00+05:30,551.5999755859375,563.5,543.0499877929688,545.5,1074427,544.8104858398438,INR
2024-12-19 00:00:00+05:30,538.2000122070312,550.5,530.2999877929688,541.3499755859375,640676,540.6657104492188,INR
2024-12-20 00:00:00+05:30,543.7999877929688,551.0,536.9000244140625,546.8499755859375,1038123,546.1587524414062,INR
2024-12-23 00:00:00+05:30,553.5,553.5,536.0499877929688,549.8499755859375,894879,549.1549682617188,INR
2024-12-24 00:00:00+05:30,549.7999877929688,558.7999877929688,546.0499877929688,551.75,609512,551.0526123046875,INR
2024-12-26 00:00:00+05:30,555.0,575.25,551.0,565.7999877929688,2023409,565.0848388671875,INR
2024-12-27 00:00:00+05:30,570.3499755859375,587.0,568.5,572.9500122070312,6286229,572.225830078125,INR
2024-12-30 00:00:00+05:30,581.5499877929688,591.9000244140625,568.25,588.3499755859375,2499019,587.6063232421875,INR
